KOR Export File,,,,,,,,,,,,,,,,,,,,,,,,
,,,,,,,,,,,,,,,,,,,,,,,,
File Created:6/30/2015 2:44:38 PM,,,,,,,,,,,,,,,,,,,,,,,,
,,,,,,,,,,,,,,,,,,,,,,,,
Sonde ID,Sonde 15D101940,,,,,,,,,,,,,,,,,,,,,,,
User ID,profile,,,,,,,,,,,,,,,,,,,,,,,
Site,site_051915_124203,,,,,,,,,,,,,,,,,,,,,,,
Template,LTK _06302015,,,,,,,,,,,,,,,,,,,,,,,
Averaging Mode,Default,,,,,,,,,,,,,,,,,,,,,,,
Time Zone,(UTC+03:00) Nairobi,,,,,,,,,,,,,,,,,,,,,,,
,,,,,,,,,,,,,,,,,,,,,,,,
Devices List:,,,,,,,,,,,,,,,,,,,,,,,,
Name,SN,Firmware,Corresponding Data Column(s),,,,,,,,,,,,,,,,,,,,,
Data Collection Device,,,1;2;3;4;5,,,,,,,,,,,,,,,,,,,,,
EXO2 Sonde,15D101940,1.0.12,6;7,,,,,,,,,,,,,,,,,,,,,
pH/ORP,15D101913,3.0.0,8;9;10;11,,,,,,,,,,,,,,,,,,,,,
Total Algae BGA-PC,15C104484,3.0.0,12;13;14;15,,,,,,,,,,,,,,,,,,,,,
Conductivity/Temp,15C104434,3.0.0,16;17;18;19;20;21,,,,,,,,,,,,,,,,,,,,,
Optical DO,15C105023,3.0.0,22;23,,,,,,,,,,,,,,,,,,,,,
Depth Non-Vented 0-100m,15D101235,3.0.0,24;25,,,,,,,,,,,,,,,,,,,,,
,,,,,,,,,,,,,,,,,,,,,,,,
1,2,3,4,5,6,7,8,9,10,11,12,13,14,15,16,17,18,19,20,21,22,23,24,25
Date (MM/DD/YYYY),Time (HH:MM:SS),Time (Fract. Sec),Site Name,Fault Code,Battery V,Cable Pwr V,pH,pH mV,ORP mV,ORP raw mV,Chlorophyll RFU,Chlorophyll µg/L,BGA-PC RFU,BGA-PC µg/L,Temp °C,Cond µS/cm,SpCond µS/cm,Sal psu,nLF Cond µS/cm,TDS mg/L,ODO % sat,ODO mg/L,Press psi a,Depth m
6/30/2015,17:28:28,0,site_051915_124203,0,6,11.5,7.58,-32.2,325.7,325.7,0.33,1.31,-0.03,-0.09,24.762,213.8,214.8,0.1,214.9,140,93.8,7.79,-1.323,-0.933
6/30/2015,17:28:30,0,site_051915_124203,0,6,11.5,7.58,-32.3,325.6,325.6,0.33,1.31,-0.02,-0.07,24.769,214.2,215.1,0.1,215.2,140,93.9,7.79,-1.323,-0.933
6/30/2015,17:28:32,0,site_051915_124203,0,6,11.5,7.58,-32.2,325.6,325.6,0.33,1.33,-0.03,-0.08,24.776,214.8,215.7,0.1,215.8,140,93.9,7.79,-1.323,-0.933
6/30/2015,17:28:34,0,site_051915_124203,0,6,11.5,7.58,-32.2,325.6,325.6,0.32,1.3,-0.03,-0.08,24.782,215.6,216.5,0.1,216.6,141,93.9,7.79,-1.323,-0.933
6/30/2015,17:28:36,0,site_051915_124203,0,6,11.5,7.58,-32.2,325.6,325.6,0.33,1.34,-0.04,-0.1,24.788,216.3,217.2,0.1,217.3,141,93.9,7.79,-1.323,-0.933
6/30/2015,17:28:38,0,site_051915_124203,0,6,11.5,7.58,-32.2,325.5,325.5,0.33,1.33,-0.04,-0.11,24.791,217,217.8,0.1,217.9,142,93.9,7.79,-1.323,-0.933
6/30/2015,17:28:40,0,site_051915_124203,0,6,11.5,7.58,-32.1,325.5,325.5,0.32,1.3,-0.05,-0.13,24.794,217.4,218.3,0.1,218.4,142,93.9,7.79,-1.323,-0.933
6/30/2015,17:28:42,0,site_051915_124203,0,6,11.5,7.58,-32,325.6,325.6,0.33,1.31,-0.03,-0.1,24.796,217.7,218.5,0.1,218.6,142,93.9,7.79,-1.323,-0.933
6/30/2015,17:28:44,0,site_051915_124203,0,6,11.5,7.58,-32,325.8,325.8,0.33,1.33,-0.03,-0.09,24.795,217.7,218.6,0.1,218.7,142,93.9,7.79,-1.323,-0.933
6/30/2015,17:28:46,0,site_051915_124203,0,6,11.5,7.58,-31.9,326.2,326.2,0.33,1.32,-0.04,-0.11,24.795,217.6,218.5,0.1,218.5,142,93.9,7.79,-1.323,-0.933
6/30/2015,17:28:48,0,site_051915_124203,0,6,11.5,7.58,-31.9,326.5,326.5,0.31,1.25,-0.04,-0.12,24.796,217.5,218.4,0.1,218.4,142,93.9,7.79,-1.323,-0.933
6/30/2015,17:28:50,0,site_051915_124203,0,6,11.5,7.58,-31.8,326.9,326.9,0.31,1.22,-0.06,-0.17,24.799,217.4,218.2,0.1,218.3,142,93.9,7.79,-1.323,-0.933
6/30/2015,17:28:52,0,site_051915_124203,0,6,11.5,7.57,-31.7,327.4,327.4,0.29,1.15,-0.05,-0.14,24.803,217.3,218.1,0.1,218.2,142,93.9,7.79,-1.323,-0.933
6/30/2015,17:28:54,0,site_051915_124203,0,6,11.5,7.57,-31.7,327.8,327.8,0.28,1.12,-0.05,-0.14,24.808,217.4,218.2,0.1,218.3,142,94,7.79,-1.323,-0.933
6/30/2015,17:28:56,0,site_051915_124203,0,6,11.5,7.57,-31.6,328.1,328.1,0.29,1.14,-0.05,-0.13,24.813,217.9,218.7,0.1,218.8,142,94,7.79,-1.323,-0.933
6/30/2015,17:28:58,0,site_051915_124203,0,5.6,0,7.57,-31.6,328.5,328.5,0.29,1.17,-0.05,-0.13,24.825,219,219.7,0.1,219.8,143,94,7.79,-1.323,-0.933
6/30/2015,17:29:00,0,site_051915_124203,0,5.6,0,7.57,-31.7,328.9,328.9,0.3,1.19,-0.04,-0.13,24.836,220.4,221.1,0.1,221.2,144,94,7.79,-1.323,-0.933
6/30/2015,17:29:02,0,site_051915_124203,0,5.6,0,7.58,-31.8,329.3,329.3,0.31,1.24,-0.05,-0.14,24.848,222.1,222.8,0.1,222.8,145,94,7.79,-1.323,-0.933
6/30/2015,17:29:04,0,site_051915_124203,0,5.6,0,7.58,-31.8,329.7,329.7,0.32,1.27,-0.07,-0.19,24.857,223.9,224.5,0.11,224.6,146,94,7.79,-1.323,-0.933
6/30/2015,17:29:06,0,site_051915_124203,0,5.6,0,7.58,-31.8,330,330,0.32,1.27,-0.06,-0.18,24.872,226,226.6,0.11,226.6,147,94,7.78,-1.323,-0.933
6/30/2015,17:29:08,0,site_051915_124203,0,5.6,0,7.58,-31.7,330.1,330.1,0.31,1.25,-0.06,-0.17,24.888,273.7,274.3,0.13,274.4,178,94,7.78,-1.323,-0.933
6/30/2015,17:29:10,0,site_051915_124203,0,5.6,0,7.57,-31.7,330.2,330.2,0.31,1.23,-0.05,-0.14,24.909,304.6,305.1,0.14,305.2,198,94,7.78,-1.323,-0.933
6/30/2015,17:29:12,0,site_051915_124203,0,5.6,0,7.58,-31.7,330.4,330.4,0.31,1.24,-0.05,-0.15,24.927,294.7,295.1,0.14,295.2,192,94,7.78,-1.323,-0.933
6/30/2015,17:29:14,0,site_051915_124203,0,5.6,0,7.57,-31.7,330.5,330.5,0.31,1.24,-0.05,-0.14,24.945,286.6,286.9,0.14,286.9,186,94,7.77,-1.323,-0.933
6/30/2015,17:29:16,0,site_051915_124203,0,5.6,0,7.57,-31.7,330.7,330.7,0.32,1.27,-0.06,-0.16,24.964,288.1,288.3,0.14,288.3,187,94,7.77,-1.323,-0.933
6/30/2015,17:29:18,0,site_051915_124203,0,5.7,0,7.57,-31.7,330.9,330.9,0.32,1.27,-0.05,-0.14,24.982,343.5,343.6,0.16,343.6,223,94,7.77,-1.323,-0.933
6/30/2015,17:29:20,0,site_051915_124203,0,5.7,0,7.57,-31.7,331.3,331.3,0.31,1.24,-0.04,-0.11,25.001,346.9,346.9,0.16,346.9,225,94,7.76,-1.323,-0.933
6/30/2015,17:29:22,0,site_051915_124203,0,5.7,0,7.57,-31.6,331.6,331.6,0.31,1.25,-0.03,-0.09,25.013,341.9,341.9,0.16,341.9,222,94,7.76,-1.323,-0.933
6/30/2015,17:29:24,0,site_051915_124203,0,5.7,0,7.57,-31.4,331.9,331.9,0.32,1.29,-0.02,-0.06,25.021,342.7,342.6,0.16,342.5,223,94,7.76,-1.322,-0.932
6/30/2015,17:29:26,0,site_051915_124203,0,5.7,0,7.57,-31.2,332.2,332.2,0.32,1.27,-0.03,-0.08,25.026,293.8,293.7,0.14,293.7,191,93.9,7.75,-1.323,-0.933
6/30/2015,17:29:28,0,site_051915_124203,0,5.6,0,7.56,-31.1,332.4,332.4,0.3,1.22,-0.03,-0.09,25.027,272,271.9,0.13,271.9,177,93.9,7.75,-1.323,-0.933
6/30/2015,17:29:30,0,site_051915_124203,0,5.6,0,7.56,-31,332.6,332.6,0.31,1.24,-0.03,-0.1,25.026,269.9,269.8,0.13,269.8,175,93.9,7.75,-1.323,-0.933
6/30/2015,17:29:32,0,site_051915_124203,0,5.6,0,7.56,-31,332.9,332.9,0.33,1.31,-0.03,-0.09,25.024,267,266.9,0.13,266.9,173,93.9,7.75,-1.323,-0.933
6/30/2015,17:29:34,0,site_051915_124203,0,5.6,0,7.56,-31,333.3,333.3,0.33,1.31,-0.02,-0.06,25.022,266.4,266.3,0.13,266.3,173,93.8,7.75,-1.323,-0.933
6/30/2015,17:29:36,0,site_051915_124203,0,5.6,0,7.56,-31,333.5,333.5,0.32,1.3,-0.02,-0.06,25.027,266.9,266.7,0.13,266.7,173,93.8,7.75,-1.323,-0.933
6/30/2015,17:29:38,0,site_051915_124203,0,5.7,0,7.56,-31.1,333.9,333.9,0.34,1.38,-0.02,-0.06,25.034,267.1,266.9,0.13,266.9,173,93.8,7.75,-1.323,-0.933
6/30/2015,17:29:40,0,site_051915_124203,0,5.7,0,7.56,-31.2,334.2,334.2,0.33,1.33,-0.02,-0.07,25.044,266.9,266.6,0.13,266.6,173,93.8,7.74,-1.323,-0.933
6/30/2015,17:29:42,0,site_051915_124203,0,5.7,0,7.57,-31.2,334.5,334.5,0.32,1.27,-0.03,-0.09,25.055,267.4,267.1,0.13,267.1,174,93.9,7.74,-1.323,-0.933
6/30/2015,17:29:44,0,site_051915_124203,0,5.7,0,7.57,-31.2,334.7,334.7,0.31,1.24,-0.03,-0.08,25.067,267,266.7,0.13,266.7,173,93.9,7.74,-1.323,-0.933
6/30/2015,17:29:46,0,site_051915_124203,0,5.7,0,7.57,-31.2,334.9,334.9,0.29,1.15,-0.03,-0.09,25.074,266.2,265.8,0.13,265.8,173,93.9,7.74,-1.323,-0.933
6/30/2015,17:29:48,0,site_051915_124203,0,5.5,0,7.56,-31.1,334.9,334.9,0.28,1.11,-0.03,-0.1,25.07,264.8,264.5,0.12,264.5,172,93.8,7.74,-1.323,-0.933
6/30/2015,17:29:50,0,site_051915_124203,0,5.5,0,7.56,-31.1,335,335,0.28,1.1,-0.03,-0.08,25.057,261.9,261.7,0.12,261.6,170,93.8,7.74,-1.324,-0.933
6/30/2015,17:29:52,0,site_051915_124203,0,5.5,0,7.56,-31,335.2,335.2,0.27,1.07,-0.03,-0.09,25.038,258,257.9,0.12,257.8,168,93.7,7.74,-1.324,-0.933
6/30/2015,17:29:54,0,site_051915_124203,0,5.5,0,7.56,-30.8,335.3,335.3,0.27,1.07,-0.03,-0.09,25.006,254.4,254.3,0.12,254.3,165,93.7,7.73,-1.324,-0.933
6/30/2015,17:29:56,0,site_051915_124203,0,5.5,0,7.55,-30.5,335.2,335.2,0.3,1.18,-0.05,-0.14,24.957,250.5,250.7,0.12,250.8,163,93.6,7.74,-1.324,-0.933
6/30/2015,17:29:58,0,site_051915_124203,0,5.7,0,7.55,-30.1,334.9,334.9,0.32,1.26,-0.03,-0.1,24.904,290.2,290.7,0.14,290.8,189,93.6,7.74,-1.324,-0.933
6/30/2015,17:30:00,0,site_051915_124203,0,5.7,0,7.54,-29.7,334.5,334.5,0.31,1.25,-0.04,-0.1,24.852,303.2,304,0.14,304.1,198,93.6,7.75,-1.324,-0.933
6/30/2015,17:30:02,0,site_051915_124203,0,5.7,0,7.54,-29.4,334.1,334.1,0.32,1.27,-0.03,-0.07,24.806,302.6,303.7,0.14,303.8,197,93.7,7.76,-1.324,-0.933
6/30/2015,17:30:04,0,site_051915_124203,0,5.7,0,7.53,-29,333.7,333.7,0.33,1.3,-0.03,-0.08,24.765,298.3,299.7,0.14,299.8,195,93.7,7.77,-1.324,-0.933
6/30/2015,17:30:06,0,site_051915_124203,0,5.7,0,7.52,-28.8,333.3,333.3,0.31,1.25,-0.03,-0.08,24.731,293.5,295,0.14,295.1,192,93.8,7.78,-1.324,-0.933
6/30/2015,17:30:08,0,site_051915_124203,0,5.6,0,7.52,-28.5,332.8,332.8,0.32,1.26,-0.03,-0.1,24.714,290.7,292.3,0.14,292.5,190,93.9,7.79,-1.324,-0.933
6/30/2015,17:30:10,0,site_051915_124203,0,5.6,0,7.52,-28.3,332.3,332.3,0.31,1.24,-0.04,-0.1,24.678,286.5,288.3,0.14,288.5,187,93.9,7.8,-1.324,-0.933
6/30/2015,17:30:12,0,site_051915_124203,0,5.6,0,7.51,-27.9,331.5,331.5,0.33,1.33,-0.04,-0.13,24.608,282.3,284.4,0.13,284.6,185,93.9,7.81,-1.324,-0.933
6/30/2015,17:30:14,0,site_051915_124203,0,5.6,0,7.5,-27.6,330.4,330.4,0.33,1.33,-0.04,-0.12,24.543,279.9,282.3,0.13,282.6,184,93.9,7.82,-1.324,-0.933
6/30/2015,17:30:16,0,site_051915_124203,0,5.6,0,7.5,-27.4,329.3,329.3,0.35,1.41,-0.04,-0.11,24.471,275,277.8,0.13,278.1,181,93.9,7.83,-1.323,-0.933
6/30/2015,17:30:18,0,site_051915_124203,0,5.7,0,7.5,-27.3,328.6,328.6,0.33,1.3,-0.03,-0.09,24.401,271.5,274.7,0.13,275,179,94,7.84,-1.323,-0.933
6/30/2015,17:30:20,0,site_051915_124203,0,5.7,0,7.5,-27.2,327.8,327.8,0.32,1.28,-0.03,-0.09,24.322,268.3,271.8,0.13,272.2,177,94,7.85,-1.323,-0.933
6/30/2015,17:30:22,0,site_051915_124203,0,5.7,0,7.5,-27,326.9,326.9,0.33,1.31,-0.04,-0.12,24.247,266.4,270.3,0.13,270.7,176,94,7.87,-1.323,-0.933
6/30/2015,17:30:24,0,site_051915_124203,0,5.7,0,7.49,-26.7,325.8,325.8,0.3,1.22,-0.02,-0.07,24.17,265,269.2,0.13,269.7,175,94.1,7.88,-1.323,-0.933
6/30/2015,17:30:26,0,site_051915_124203,0,5.7,0,7.49,-26.5,324.6,324.6,0.3,1.2,-0.03,-0.09,24.111,263.6,268.1,0.13,268.6,174,94.1,7.9,-1.323,-0.933
6/30/2015,17:30:28,0,site_051915_124203,0,5.7,0,7.48,-26.3,323.4,323.4,0.29,1.18,-0.03,-0.07,24.061,262,266.8,0.13,267.3,173,94.2,7.91,-1.323,-0.933
6/30/2015,17:30:30,0,site_051915_124203,0,5.7,0,7.48,-26.2,322.5,322.5,0.31,1.24,-0.03,-0.09,24.021,260.8,265.8,0.13,266.3,173,94.3,7.93,-1.323,-0.933
6/30/2015,17:30:32,0,site_051915_124203,0,5.7,0,7.49,-26.4,321.9,321.9,0.31,1.25,-0.02,-0.06,23.984,260,265.1,0.13,265.6,172,94.4,7.94,-1.323,-0.933
6/30/2015,17:30:34,0,site_051915_124203,0,5.7,0,7.49,-26.7,321.2,321.2,0.35,1.39,-0.02,-0.06,23.963,262,267.2,0.13,267.8,174,94.4,7.95,-1.323,-0.933
6/30/2015,17:30:36,0,site_051915_124203,0,5.7,0,7.49,-26.9,320.4,320.4,0.36,1.44,-0.01,-0.04,23.966,334,340.7,0.16,341.4,221,94.5,7.96,-1.323,-0.933
6/30/2015,17:30:38,0,site_051915_124203,0,5.6,0,7.49,-27,319.6,319.6,0.36,1.44,-0.02,-0.05,23.971,323.2,329.7,0.16,330.4,214,94.6,7.96,-1.323,-0.933
6/30/2015,17:30:40,0,site_051915_124203,0,5.6,0,7.49,-26.8,318.5,318.5,0.33,1.33,0,-0.01,23.965,335.4,342.2,0.16,342.8,222,94.6,7.96,-1.323,-0.932
6/30/2015,17:30:42,0,site_051915_124203,0,5.6,0,7.49,-26.6,317.3,317.3,0.35,1.4,-0.02,-0.06,23.953,391.3,399.3,0.19,400.1,260,94.6,7.96,-1.323,-0.932
6/30/2015,17:30:44,0,site_051915_124203,0,5.6,0,7.49,-26.5,316.4,316.4,0.33,1.32,-0.01,-0.04,23.949,383.5,391.4,0.19,392.2,254,94.6,7.96,-1.323,-0.932
6/30/2015,17:30:46,0,site_051915_124203,0,5.6,0,7.49,-26.6,315.7,315.7,0.28,1.11,-0.01,-0.02,23.955,379.4,387.2,0.18,388,252,94.7,7.97,-1.322,-0.932
6/30/2015,17:30:48,0,site_051915_124203,0,5.7,0,7.49,-26.5,315.1,315.1,0.3,1.22,-0.01,-0.02,23.967,378.2,385.8,0.18,386.6,251,94.7,7.97,-1.322,-0.932
6/30/2015,17:30:50,0,site_051915_124203,0,5.7,0,7.49,-26.5,314.6,314.6,0.31,1.22,-0.01,-0.02,23.98,369.2,376.5,0.18,377.2,245,94.7,7.97,-1.322,-0.932
6/30/2015,17:30:52,0,site_051915_124203,0,5.7,0,7.48,-26.4,313.9,313.9,0.31,1.24,0.01,0.03,24.011,362.1,369.1,0.18,369.8,240,94.8,7.97,-1.322,-0.932
6/30/2015,17:30:54,0,site_051915_124203,0,5.7,0,7.48,-26.2,313.1,313.1,0.31,1.23,-0.02,-0.04,24.057,356.3,362.8,0.17,363.5,236,94.8,7.97,-1.322,-0.932
6/30/2015,17:30:56,0,site_051915_124203,0,5.7,0,7.47,-25.8,312.4,312.4,0.29,1.18,-0.03,-0.1,24.088,352,358.3,0.17,358.9,233,94.8,7.96,-1.321,-0.931
6/30/2015,17:30:58,0,site_051915_124203,0,5.7,0,7.47,-25.4,311.7,311.7,0.3,1.21,-0.03,-0.1,24.102,345.6,351.6,0.17,352.2,229,94.8,7.96,-1.321,-0.931
6/30/2015,17:31:00,0,site_051915_124203,0,5.7,0,7.46,-25.2,311.2,311.2,0.3,1.21,-0.04,-0.11,24.112,335.9,341.7,0.16,342.2,222,94.7,7.95,-1.321,-0.931
6/30/2015,17:31:02,0,site_051915_124203,0,5.7,0,7.46,-25.1,310.8,310.8,0.31,1.22,-0.03,-0.1,24.13,331.9,337.5,0.16,338,219,94.7,7.95,-1.321,-0.931
6/30/2015,17:31:04,0,site_051915_124203,0,5.7,0,7.46,-25,310.4,310.4,0.31,1.24,-0.02,-0.06,24.169,330.8,336.1,0.16,336.7,218,94.7,7.94,-1.32,-0.931
6/30/2015,17:31:06,0,site_051915_124203,0,5.7,0,7.46,-24.8,309.9,309.9,0.3,1.19,-0.03,-0.09,24.212,330.1,335.1,0.16,335.6,218,94.6,7.93,-1.32,-0.931
6/30/2015,17:31:08,0,site_051915_124203,0,5.7,0,7.45,-24.5,309.1,309.1,0.3,1.19,-0.04,-0.1,24.242,329.7,334.6,0.16,335.1,217,94.6,7.92,-1.32,-0.931
6/30/2015,17:31:10,0,site_051915_124203,0,5.7,0,7.45,-24.1,308.2,308.2,0.29,1.15,-0.04,-0.12,24.282,330,334.6,0.16,335.1,217,94.6,7.92,-1.32,-0.93
6/30/2015,17:31:12,0,site_051915_124203,0,5.7,0,7.44,-23.8,307.3,307.3,0.28,1.13,-0.05,-0.13,24.328,330.5,334.8,0.16,335.3,218,94.5,7.91,-1.32,-0.93
6/30/2015,17:31:14,0,site_051915_124203,0,5.7,0,7.43,-23.4,306.3,306.3,0.27,1.09,-0.05,-0.13,24.367,331.4,335.5,0.16,335.9,218,94.5,7.9,-1.32,-0.93
6/30/2015,17:31:16,0,site_051915_124203,0,5.7,0,7.43,-23.1,305.1,305.1,0.29,1.16,-0.04,-0.13,24.384,330.3,334.3,0.16,334.7,217,94.4,7.88,-1.32,-0.93
6/30/2015,17:31:18,0,site_051915_124203,0,5.7,0,7.42,-22.8,303.8,303.8,0.3,1.19,-0.03,-0.08,24.375,328.4,332.3,0.16,332.7,216,94.3,7.87,-1.32,-0.93
6/30/2015,17:31:20,0,site_051915_124203,0,5.7,0,7.42,-22.7,302.6,302.6,0.31,1.23,-0.04,-0.11,24.366,327.3,331.3,0.16,331.7,215,94.2,7.87,-1.32,-0.93
6/30/2015,17:31:22,0,site_051915_124203,0,5.7,0,7.42,-22.4,301.2,301.2,0.32,1.26,-0.04,-0.12,24.352,326.5,330.6,0.16,331,215,94.1,7.86,-1.32,-0.93
6/30/2015,17:31:24,0,site_051915_124203,0,5.7,0,7.41,-22.3,299.8,299.8,0.32,1.27,-0.03,-0.08,24.31,323.3,327.6,0.16,328,213,94,7.86,-1.32,-0.93
6/30/2015,17:31:26,0,site_051915_124203,0,5.7,0,7.41,-22.3,298.2,298.2,0.83,3.34,0.34,0.94,24.253,270.7,274.6,0.13,275,178,94,7.86,-1.32,-0.931
6/30/2015,17:31:28,0,site_051915_124203,0,5.5,0,7.42,-22.5,296.8,296.8,14.52,58.08,0.81,2.28,24.196,261.2,265.3,0.13,265.7,172,93.9,7.87,-1.32,-0.931
6/30/2015,17:31:30,0,site_051915_124203,0,5.5,0,8.81,-103.6,259.9,259.9,-0.4,-1.6,0.76,2.13,27.08,770.3,741.1,0.36,738,482,94,7.87,-1.311,-0.925
6/30/2015,17:31:32,0,site_051915_124203,0,5.5,0,8.85,-107.2,255.6,255.6,-0.33,-1.32,0.52,1.45,27.139,700.3,672.8,0.33,669.9,437,93.7,7.44,2.325,1.64
6/30/2015,17:31:34,0,site_051915_124203,0,5.5,0,8.9,-109.9,254.9,254.9,-0.29,-1.18,0.3,0.83,27.147,699.1,671.5,0.32,668.6,436,93.4,7.41,4.263,3.007
6/30/2015,17:31:36,0,site_051915_124203,0,5.5,0,8.95,-112.8,254.2,254.2,-0.3,-1.2,0.05,0.13,27.145,698.7,671.2,0.32,668.2,436,93,7.38,7.865,5.548
6/30/2015,17:31:38,0,site_051915_124203,0,5.7,0,8.97,-114,254,254,-0.3,-1.19,-0.19,-0.52,27.14,698.4,671,0.32,668,436,92.6,7.35,10.067,7.101
6/30/2015,17:31:40,0,site_051915_124203,0,5.7,0,8.98,-114.8,253.7,253.7,-0.29,-1.16,-0.43,-1.2,27.124,698.1,670.8,0.32,667.9,436,92.1,7.31,13.73,9.685
6/30/2015,17:31:42,0,site_051915_124203,0,5.7,0,8.99,-115.5,253.5,253.5,-0.3,-1.19,-0.67,-1.88,27.107,697.8,670.8,0.32,667.9,436,91.6,7.27,15.653,11.042
6/30/2015,17:31:44,0,site_051915_124203,0,5.7,0,9,-116.1,253.2,253.2,-0.29,-1.15,-1.21,-3.39,27.094,697.6,670.8,0.32,667.9,436,91.1,7.24,19.51,13.762
6/30/2015,17:31:46,0,site_051915_124203,0,5.7,0,9.01,-116.7,252.8,252.8,-0.27,-1.09,-1.92,-5.38,27.081,697.4,670.7,0.32,667.9,436,90.9,7.22,21.663,15.281
6/30/2015,17:31:48,0,site_051915_124203,0,5.7,0,9.02,-117.2,252.4,252.4,-0.26,-1.06,-2.09,-5.86,27.061,697.1,670.7,0.32,667.9,436,90.5,7.19,24.737,17.449
6/30/2015,17:31:50,0,site_051915_124203,0,5.7,0,9.03,-117.7,252,252,-0.25,-0.98,-2.09,-5.85,27.043,696.9,670.7,0.32,667.9,436,90.2,7.17,27.096,19.113
6/30/2015,17:31:52,0,site_051915_124203,0,5.7,0,9.04,-118.1,251.6,251.6,-0.24,-0.95,-2.08,-5.83,27.028,696.7,670.8,0.32,668,436,89.9,7.14,29.763,20.994
6/30/2015,17:31:54,0,site_051915_124203,0,5.7,0,9.04,-118.4,251.3,251.3,-0.24,-0.96,-2.09,-5.85,27.023,696.7,670.8,0.32,668,436,89.6,7.12,30.732,21.677
6/30/2015,17:31:56,0,site_051915_124203,0,5.7,0,9.06,-119.1,250.7,250.7,-0.24,-0.95,-2.09,-5.85,27.019,696.7,670.8,0.32,668.1,436,89.2,7.1,33.136,23.373
6/30/2015,17:31:58,0,site_051915_124203,0,5.6,0,9.07,-119.9,250,250,-0.25,-0.98,-2.09,-5.86,27.016,696.7,670.9,0.32,668.1,436,88.9,7.07,34.486,24.325
6/30/2015,17:32:00,0,site_051915_124203,0,5.6,0,9.08,-120.5,249.4,249.4,-0.25,-1.01,-2.1,-5.89,27.014,696.7,670.9,0.32,668.2,436,88.6,7.05,37.166,26.215
6/30/2015,17:32:02,0,site_051915_124203,0,5.6,0,9.09,-121,248.7,248.7,-0.26,-1.05,-2.1,-5.88,27.012,696.7,670.9,0.32,668.2,436,88.3,7.02,38.876,27.421
6/30/2015,17:32:04,0,site_051915_124203,0,5.6,0,9.1,-121.4,248,248,-0.26,-1.05,-2.1,-5.87,27.009,696.7,671,0.32,668.3,436,88,7,39.772,28.053
6/30/2015,17:32:06,0,site_051915_124203,0,5.6,0,9.1,-121.8,247.3,247.3,-0.26,-1.06,-2.1,-5.88,27.005,696.8,671.1,0.32,668.4,436,87.7,6.97,42.578,30.032
6/30/2015,17:32:08,0,site_051915_124203,0,5.6,0,9.1,-122,246.6,246.6,-0.26,-1.03,-2.11,-5.91,26.994,697,671.4,0.32,668.7,436,87.3,6.95,43.777,30.878
6/30/2015,17:32:10,0,site_051915_124203,0,5.6,0,9.11,-122.2,246,246,-0.26,-1.03,-2.12,-5.94,26.98,697.1,671.7,0.32,669,437,87,6.92,45.853,32.342
6/30/2015,17:32:12,0,site_051915_124203,0,5.6,0,9.11,-122.4,245.4,245.4,-0.25,-1.01,-2.12,-5.92,26.963,697.2,672,0.32,669.3,437,86.7,6.9,47.703,33.646
6/30/2015,17:32:14,0,site_051915_124203,0,5.6,0,9.11,-122.5,244.8,244.8,-0.25,-1.01,-2.12,-5.94,26.945,697.3,672.3,0.32,669.6,437,86.4,6.88,49.052,34.597
6/30/2015,17:32:16,0,site_051915_124203,0,5.6,0,9.12,-122.6,244.2,244.2,-0.26,-1.02,-2.12,-5.94,26.926,697.4,672.7,0.33,670,437,86.2,6.86,51.8,36.536
6/30/2015,17:32:18,0,site_051915_124203,0,5.6,0,9.12,-122.7,243.7,243.7,-0.26,-1.04,-2.12,-5.93,26.907,697.5,673,0.33,670.4,437,86,6.85,52.834,37.265
6/30/2015,17:32:20,0,site_051915_124203,0,5.6,0,9.12,-122.8,243.1,243.1,-0.26,-1.03,-2.12,-5.92,26.89,697.6,673.2,0.33,670.7,438,85.8,6.84,55.567,39.191
6/30/2015,17:32:22,0,site_051915_124203,0,5.6,0,9.12,-122.9,242.6,242.6,-0.26,-1.06,-2.13,-5.96,26.879,697.6,673.4,0.33,670.8,438,85.6,6.82,57.686,40.686
6/30/2015,17:32:24,0,site_051915_124203,0,5.6,0,9.12,-122.9,242.1,242.1,-0.27,-1.09,-2.13,-5.95,26.873,697.5,673.4,0.33,670.9,438,85.4,6.81,58.297,41.117
6/30/2015,17:32:26,0,site_051915_124203,0,5.6,0,9.12,-123,241.6,241.6,-0.28,-1.11,-2.12,-5.93,26.862,697.4,673.5,0.33,670.9,438,85.1,6.78,60.956,42.992
6/30/2015,17:32:28,0,site_051915_124203,0,5.6,0,9.12,-123,241.1,241.1,-0.29,-1.14,-2.11,-5.91,26.855,697.3,673.4,0.33,670.9,438,84.8,6.76,61.424,43.322
6/30/2015,17:32:30,0,site_051915_124203,0,5.6,0,9.12,-123.1,240.6,240.6,-0.3,-1.2,-2.11,-5.9,26.85,697.2,673.4,0.33,670.9,438,84.5,6.74,63.665,44.902
6/30/2015,17:32:32,0,site_051915_124203,0,5.6,0,9.13,-123.2,240.1,240.1,-0.3,-1.19,-2.11,-5.9,26.846,697.2,673.4,0.33,670.9,438,84.2,6.71,66.2,46.69
6/30/2015,17:32:34,0,site_051915_124203,0,5.6,0,9.13,-123.2,239.6,239.6,-0.31,-1.25,-2.11,-5.9,26.841,697,673.4,0.33,670.9,438,83.9,6.69,68.466,48.288
6/30/2015,17:32:36,0,site_051915_124203,0,5.6,0,9.13,-123.2,239.2,239.2,-0.32,-1.27,-2.1,-5.89,26.833,697,673.4,0.33,670.9,438,83.6,6.67,69.883,49.287
6/30/2015,17:32:38,0,site_051915_124203,0,5.6,0,9.13,-123.2,238.7,238.7,-0.31,-1.24,-2.1,-5.87,26.825,697.1,673.6,0.33,671.1,438,83.2,6.63,71.278,50.27
6/30/2015,17:32:40,0,site_051915_124203,0,5.6,0,9.13,-123.2,238.4,238.4,-0.32,-1.27,-2.09,-5.86,26.813,697.1,673.8,0.33,671.3,438,79.6,6.36,74.605,52.616
6/30/2015,17:32:42,0,site_051915_124203,0,5.6,0,9.12,-123.1,238,238,-0.32,-1.28,-2.09,-5.85,26.786,697,674,0.33,671.5,438,76.6,6.11,75.996,53.597
6/30/2015,17:32:44,0,site_051915_124203,0,5.6,0,9.12,-122.9,237.7,237.7,-0.32,-1.28,-2.09,-5.84,26.744,696.7,674.2,0.33,671.8,438,74.2,5.92,78.735,55.528
6/30/2015,17:32:46,0,site_051915_124203,0,5.6,0,9.12,-122.7,237.4,237.4,-0.3,-1.21,-2.09,-5.85,26.686,696.3,674.6,0.33,672.3,438,71.9,5.75,80.495,56.768
6/30/2015,17:32:48,0,site_051915_124203,0,5.6,0,9.11,-122.4,237.2,237.2,-0.28,-1.14,-2.09,-5.86,26.624,696,675,0.33,672.8,439,65.9,5.28,82.686,58.312
6/30/2015,17:32:50,0,site_051915_124203,0,5.6,0,9.11,-122.1,236.9,236.9,-0.27,-1.08,-2.1,-5.89,26.563,695.5,675.3,0.33,673.2,439,64.2,5.14,84.627,59.68
6/30/2015,17:32:52,0,site_051915_124203,0,5.6,0,9.1,-121.7,236.7,236.7,-0.26,-1.03,-2.1,-5.88,26.503,695,675.6,0.33,673.6,439,63.2,5.07,87.111,61.43
6/30/2015,17:32:54,0,site_051915_124203,0,5.6,0,9.1,-121.4,236.5,236.5,-0.25,-0.99,-2.1,-5.88,26.443,694.6,676,0.33,674,439,62.4,5.01,89.606,63.189
6/30/2015,17:32:56,0,site_051915_124203,0,5.6,0,9.09,-121,236.4,236.4,-0.25,-0.99,-2.1,-5.87,26.377,694.2,676.4,0.33,674.5,440,58.5,4.7,92.245,65.048
6/30/2015,17:32:58,0,site_051915_124203,0,5.6,0,9.09,-120.6,236.2,236.2,-0.26,-1.04,-2.1,-5.87,26.311,693.8,676.9,0.33,675.1,440,56.4,4.54,94.329,66.516
6/30/2015,17:33:00,0,site_051915_124203,0,5.6,0,9.08,-120.2,236.1,236.1,-0.28,-1.11,-2.11,-5.91,26.242,693.4,677.3,0.33,675.6,440,55.1,4.44,95.644,67.442
6/30/2015,17:33:02,0,site_051915_124203,0,5.6,0,9.07,-119.7,236,236,-0.29,-1.18,-2.11,-5.91,26.16,692.9,677.9,0.33,676.3,441,53.8,4.34,99.137,69.903
6/30/2015,17:33:04,0,site_051915_124203,0,5.6,0,9.06,-119.3,235.9,235.9,-0.32,-1.27,-2.11,-5.92,26.067,692.4,678.6,0.33,677.1,441,52.6,4.25,100.481,70.849
6/30/2015,17:33:06,0,site_051915_124203,0,5.6,0,9.06,-118.8,235.9,235.9,-0.32,-1.28,-2.1,-5.89,25.961,691.8,679.2,0.33,677.9,441,47.7,3.86,103.482,72.963
6/30/2015,17:33:08,0,site_051915_124203,0,5.6,0,9.05,-118.5,235.8,235.8,-0.32,-1.29,-2.1,-5.89,25.868,691.2,679.9,0.33,678.7,442,46,3.73,106.089,74.799
6/30/2015,17:33:10,0,site_051915_124203,0,5.6,0,9.05,-118.1,235.7,235.7,-0.33,-1.3,-2.11,-5.9,25.777,690.6,680.5,0.33,679.4,442,44.7,3.63,108.746,76.67
6/30/2015,17:33:12,0,site_051915_124203,0,5.6,0,9.04,-117.7,235.6,235.6,-0.32,-1.26,-2.11,-5.91,25.681,690.1,681.2,0.33,680.3,443,43.6,3.55,111.304,78.471
6/30/2015,17:33:14,0,site_051915_124203,0,5.6,0,9.03,-117.2,235.6,235.6,-0.31,-1.23,-2.12,-5.94,25.593,689.6,681.8,0.33,681,443,42.5,3.47,112.939,79.622
6/30/2015,17:33:16,0,site_051915_124203,0,5.6,0,9.03,-116.8,235.5,235.5,-0.31,-1.25,-2.11,-5.91,25.507,689,682.3,0.33,681.6,443,38.3,3.12,116.305,81.993
6/30/2015,17:33:18,0,site_051915_124203,0,5.6,0,9.02,-116.3,235.5,235.5,-0.31,-1.25,-2.12,-5.94,25.419,688.4,682.9,0.33,682.3,444,37.1,3.04,118.453,83.504
6/30/2015,17:33:20,0,site_051915_124203,0,5.6,0,9.01,-115.9,235.5,235.5,-0.33,-1.3,-2.12,-5.94,25.335,687.8,683.4,0.33,682.9,444,36.2,2.97,121.738,85.818
6/30/2015,17:33:22,0,site_051915_124203,0,5.6,0,9,-115.4,235.5,235.5,-0.33,-1.34,-2.12,-5.93,25.257,687.3,683.9,0.33,683.5,445,35.3,2.9,123.691,87.193
6/30/2015,17:33:24,0,site_051915_124203,0,5.6,0,9,-114.9,235.5,235.5,-0.35,-1.4,-2.12,-5.94,25.185,686.8,684.3,0.33,684,445,30.3,2.49,124.591,87.825
6/30/2015,17:33:26,0,site_051915_124203,0,5.6,0,8.99,-114.4,235.6,235.6,-0.35,-1.41,-2.12,-5.94,25.107,686.2,684.7,0.33,684.6,445,26.5,2.18,127.94,90.184
6/30/2015,17:33:28,0,site_051915_124203,0,5.6,0,8.98,-113.9,235.6,235.6,-0.36,-1.45,-2.11,-5.92,25.033,685.8,685.3,0.33,685.3,445,24.8,2.05,130.375,91.898
6/30/2015,17:33:30,0,site_051915_124203,0,5.6,0,8.97,-113.3,235.7,235.7,-0.36,-1.45,-2.12,-5.95,24.967,685.5,685.9,0.33,686,446,23.2,1.91,131.108,92.413
6/30/2015,17:33:32,0,site_051915_124203,0,5.6,0,8.96,-112.7,235.8,235.8,-0.36,-1.44,-2.12,-5.93,24.906,685.2,686.4,0.33,686.5,446,18.1,1.5,131.517,92.699
6/30/2015,17:33:34,0,site_051915_124203,0,5.6,0,8.95,-112,235.9,235.9,-0.36,-1.44,-2.12,-5.93,24.85,685,686.9,0.33,687.1,446,16.4,1.36,131.914,92.978
6/30/2015,17:33:36,0,site_051915_124203,0,5.6,0,8.94,-111.5,235.9,235.9,-0.36,-1.44,-2.11,-5.92,24.812,684.8,687.3,0.33,687.5,447,15.6,1.29,134.749,94.975
6/30/2015,17:33:38,0,site_051915_124203,0,5.6,0,8.93,-110.9,236,236,-0.36,-1.43,-2.11,-5.9,24.788,684.7,687.5,0.33,687.8,447,15,1.24,135.98,95.842
6/30/2015,17:33:40,0,site_051915_124203,0,5.6,0,8.92,-110.4,236.1,236.1,-0.36,-1.42,-2.11,-5.92,24.773,684.7,687.7,0.33,688,447,14.5,1.2,139.161,98.082
6/30/2015,17:33:42,0,site_051915_124203,0,5.6,0,8.91,-109.8,236.2,236.2,-0.36,-1.45,-2.13,-5.95,24.758,684.6,687.8,0.33,688.1,447,14,1.16,141.041,99.407
6/30/2015,17:33:44,0,site_051915_124203,0,5.6,0,8.9,-109.3,236.2,236.2,-0.37,-1.49,-2.12,-5.94,24.744,684.6,687.9,0.33,688.3,447,10.2,0.85,142.374,100.345
6/30/2015,17:33:46,0,site_051915_124203,0,5.6,0,8.89,-108.8,236.3,236.3,-0.37,-1.46,-2.13,-5.95,24.728,684.5,688.1,0.33,688.5,447,8.9,0.74,145.518,102.56
6/30/2015,17:33:48,0,site_051915_124203,0,5.7,0,8.89,-108.3,236.3,236.3,-0.36,-1.44,-2.13,-5.96,24.709,684.5,688.3,0.33,688.7,447,8.2,0.68,147.897,104.236
6/30/2015,17:33:50,0,site_051915_124203,0,5.7,0,8.88,-107.9,236.4,236.4,-0.36,-1.43,-2.13,-5.95,24.686,684.4,688.6,0.33,689,448,7.6,0.63,149.288,105.216
6/30/2015,17:33:52,0,site_051915_124203,0,5.7,0,8.87,-107.6,236.4,236.4,-0.37,-1.47,-2.12,-5.94,24.66,684.3,688.8,0.33,689.2,448,7.2,0.6,152.447,107.441
6/30/2015,17:33:54,0,site_051915_124203,0,5.7,0,8.87,-107.2,236.4,236.4,-0.36,-1.44,-2.12,-5.93,24.634,684.1,688.9,0.33,689.4,448,6.9,0.57,154.124,108.622
6/30/2015,17:33:56,0,site_051915_124203,0,5.7,0,8.86,-106.9,236.3,236.3,-0.36,-1.44,-2.12,-5.95,24.607,683.9,689.1,0.33,689.6,448,6.6,0.55,154.855,109.136
6/30/2015,17:33:58,0,site_051915_124203,0,5.6,0,8.86,-106.6,236.3,236.3,-0.37,-1.48,-2.13,-5.96,24.587,683.7,689.1,0.33,689.7,448,6.4,0.53,154.997,109.236
6/30/2015,17:34:00,0,site_051915_124203,0,5.6,0,8.85,-106.4,236.3,236.3,-0.37,-1.47,-2.12,-5.94,24.569,683.6,689.2,0.33,689.8,448,6.2,0.51,155.045,109.269
6/30/2015,17:34:02,0,site_051915_124203,0,5.6,0,8.85,-106.2,236.2,236.2,-0.37,-1.48,-2.11,-5.92,24.556,683.4,689.3,0.33,689.9,448,5.8,0.48,155.103,109.31
6/30/2015,17:34:04,0,site_051915_124203,0,5.6,0,8.85,-106,236.2,236.2,-0.37,-1.49,-2.12,-5.92,24.547,683.3,689.3,0.33,689.9,448,5.4,0.45,155.104,109.31
6/30/2015,17:34:06,0,site_051915_124203,0,5.6,0,8.84,-105.8,236.1,236.1,-0.38,-1.5,-2.11,-5.91,24.542,683.3,689.3,0.33,689.9,448,5.2,0.43,155.028,109.257
6/30/2015,17:34:08,0,site_051915_124203,0,5.6,0,8.84,-105.6,236,236,-0.37,-1.48,-2.1,-5.89,24.541,683.3,689.3,0.33,690,448,5,0.42,154.976,109.219
6/30/2015,17:34:10,0,site_051915_124203,0,5.6,0,8.84,-105.5,235.9,235.9,-0.36,-1.45,-2.11,-5.91,24.54,683.4,689.4,0.33,690,448,4.9,0.4,154.875,109.149
6/30/2015,17:34:12,0,site_051915_124203,0,5.6,0,8.84,-105.4,235.7,235.7,-0.37,-1.49,-2.12,-5.94,24.54,683.4,689.4,0.33,690,448,4.7,0.39,154.701,109.026
6/30/2015,17:34:14,0,site_051915_124203,0,5.6,0,8.84,-105.3,235.6,235.6,-0.37,-1.48,-2.11,-5.91,24.54,683.4,689.4,0.33,690.1,448,4.6,0.38,154.665,109
6/30/2015,17:34:16,0,site_051915_124203,0,5.6,0,8.84,-105.2,235.5,235.5,-0.37,-1.47,-2.11,-5.9,24.54,683.4,689.4,0.33,690.1,448,4.5,0.37,154.734,109.049
6/30/2015,17:34:18,0,site_051915_124203,0,5.7,0,8.83,-105.2,235.4,235.4,-0.37,-1.46,-2.1,-5.87,24.54,683.4,689.5,0.33,690.1,448,4.4,0.36,154.757,109.065
6/30/2015,17:34:20,0,site_051915_124203,0,5.7,0,8.83,-105.1,235.3,235.3,-0.37,-1.47,-2.09,-5.87,24.54,683.5,689.5,0.33,690.1,448,4.3,0.36,154.754,109.063
6/30/2015,17:34:22,0,site_051915_124203,0,5.7,0,8.83,-105,235.2,235.2,-0.37,-1.5,-2.1,-5.87,24.54,683.4,689.5,0.33,690.1,448,4.2,0.35,154.725,109.043
6/30/2015,17:34:24,0,site_051915_124203,0,5.7,0,8.83,-105,235.1,235.1,-0.36,-1.45,-2.1,-5.88,24.54,683.4,689.4,0.33,690.1,448,4.1,0.34,154.661,108.998
6/30/2015,17:34:26,0,site_051915_124203,0,5.7,0,8.83,-104.9,235.1,235.1,-0.36,-1.46,-2.11,-5.91,24.54,683.4,689.5,0.33,690.1,448,4.1,0.34,154.569,108.932
6/30/2015,17:34:28,0,site_051915_124203,0,5.6,0,8.83,-104.8,235,235,-0.38,-1.5,-2.1,-5.87,24.54,683.4,689.5,0.33,690.1,448,4,0.34,152.193,107.259
6/30/2015,17:34:30,0,site_051915_124203,0,5.6,0,8.83,-104.8,234.9,234.9,-0.37,-1.46,-2.08,-5.84,24.541,683.4,689.4,0.33,690,448,4,0.33,151.885,107.042
6/30/2015,17:34:32,0,site_051915_124203,0,5.6,0,8.83,-104.7,234.7,234.7,-0.36,-1.44,-2.09,-5.86,24.543,683.3,689.4,0.33,690,448,3.9,0.33,151.588,106.833
6/30/2015,17:34:34,0,site_051915_124203,0,5.6,0,8.83,-104.7,234.6,234.6,-0.35,-1.42,-2.09,-5.86,24.546,683.4,689.4,0.33,690,448,3.9,0.32,151.322,106.645
6/30/2015,17:34:36,0,site_051915_124203,0,5.6,0,8.82,-104.7,234.5,234.5,-0.35,-1.41,-2.1,-5.88,24.549,683.4,689.3,0.33,690,448,3.8,0.32,151.148,106.523
6/30/2015,17:34:38,0,site_051915_124203,0,5.6,0,8.82,-104.6,234.4,234.4,-0.34,-1.37,-2.1,-5.89,24.553,683.4,689.3,0.33,689.9,448,3.7,0.31,150.949,106.383
6/30/2015,17:34:40,0,site_051915_124203,0,5.6,0,8.82,-104.6,234.3,234.3,-0.34,-1.36,-2.11,-5.9,24.557,683.5,689.3,0.33,689.9,448,3.7,0.3,150.74,106.235
6/30/2015,17:34:42,0,site_051915_124203,0,5.6,0,8.82,-104.6,234.2,234.2,-0.34,-1.35,-2.11,-5.9,24.561,683.5,689.3,0.33,689.9,448,3.6,0.3,150.588,106.129
6/30/2015,17:34:44,0,site_051915_124203,0,5.6,0,8.82,-104.5,234.1,234.1,-0.34,-1.36,-2.11,-5.9,24.564,683.5,689.3,0.33,689.9,448,3.5,0.29,150.46,106.038
6/30/2015,17:34:46,0,site_051915_124203,0,5.6,0,8.82,-104.5,233.9,233.9,-0.34,-1.36,-2.11,-5.91,24.567,683.5,689.2,0.33,689.8,448,3.5,0.29,150.337,105.952
6/30/2015,17:34:48,0,site_051915_124203,0,5.6,0,8.82,-104.5,233.8,233.8,-0.34,-1.37,-2.11,-5.9,24.569,683.6,689.2,0.33,689.8,448,3.4,0.28,150.252,105.892
6/30/2015,17:34:50,0,site_051915_124203,0,5.6,0,8.82,-104.5,233.7,233.7,-0.35,-1.39,-2.1,-5.89,24.57,683.5,689.1,0.33,689.7,448,3.4,0.28,150.188,105.847
6/30/2015,17:34:52,0,site_051915_124203,0,5.6,0,8.82,-104.4,233.6,233.6,-0.35,-1.4,-2.1,-5.88,24.571,683.5,689.1,0.33,689.7,448,3.3,0.28,150.169,105.833
6/30/2015,17:34:54,0,site_051915_124203,0,5.6,0,8.82,-104.4,233.5,233.5,-0.35,-1.39,-2.1,-5.88,24.571,683.5,689.1,0.33,689.7,448,3.3,0.27,150.204,105.858
6/30/2015,17:34:56,0,site_051915_124203,0,5.6,0,8.82,-104.3,233.4,233.4,-0.35,-1.4,-2.09,-5.86,24.57,683.5,689.1,0.33,689.7,448,3.3,0.27,150.27,105.905
6/30/2015,17:34:58,0,site_051915_124203,0,5.6,0,8.82,-104.3,233.3,233.3,-0.35,-1.39,-2.1,-5.87,24.569,683.4,689.1,0.33,689.7,448,3.2,0.27,152.143,107.224
6/30/2015,17:35:00,0,site_051915_124203,0,5.6,0,8.82,-104.2,233.2,233.2,-0.36,-1.42,-2.1,-5.87,24.566,683.4,689.1,0.33,689.7,448,3.2,0.27,152.399,107.405
6/30/2015,17:35:02,0,site_051915_124203,0,5.6,0,8.82,-104.2,233.2,233.2,-0.35,-1.41,-2.09,-5.84,24.563,683.5,689.2,0.33,689.8,448,3.2,0.26,152.531,107.498
6/30/2015,17:35:04,0,site_051915_124203,0,5.6,0,8.82,-104.1,233.1,233.1,-0.36,-1.43,-2.09,-5.85,24.559,683.5,689.3,0.33,689.9,448,3.2,0.26,152.655,107.585
6/30/2015,17:35:06,0,site_051915_124203,0,5.6,0,8.81,-104,233,233,-0.36,-1.44,-2.09,-5.86,24.555,683.5,689.3,0.33,689.9,448,3.1,0.26,152.776,107.67
6/30/2015,17:35:08,0,site_051915_124203,0,5.6,0,8.81,-104,232.9,232.9,-0.37,-1.48,-2.09,-5.86,24.551,683.4,689.3,0.33,689.9,448,3.1,0.26,153.086,107.888
6/30/2015,17:35:10,0,site_051915_124203,0,5.6,0,8.81,-103.9,232.9,232.9,-0.37,-1.48,-2.1,-5.88,24.548,683.5,689.4,0.33,690,448,3.1,0.26,153.275,108.022
6/30/2015,17:35:12,0,site_051915_124203,0,5.6,0,8.81,-103.8,232.8,232.8,-0.37,-1.49,-2.11,-5.9,24.545,683.5,689.4,0.33,690.1,448,3.2,0.26,153.273,108.02
6/30/2015,17:35:14,0,site_051915_124203,0,5.6,0,8.81,-103.7,232.7,232.7,-0.38,-1.52,-2.11,-5.91,24.544,683.5,689.5,0.33,690.1,448,3.2,0.26,153.11,107.905
6/30/2015,17:35:16,0,site_051915_124203,0,5.6,0,8.81,-103.7,232.6,232.6,-0.37,-1.48,-2.11,-5.91,24.545,683.5,689.5,0.33,690.1,448,3.2,0.26,150.129,105.805
6/30/2015,17:35:18,0,site_051915_124203,0,5.6,0,8.81,-103.7,232.5,232.5,-0.37,-1.47,-2.11,-5.91,24.548,683.4,689.4,0.33,690,448,3.2,0.26,149.318,105.234
6/30/2015,17:35:20,0,site_051915_124203,0,5.6,0,8.81,-103.7,232.4,232.4,-0.36,-1.46,-2.11,-5.91,24.552,683.5,689.4,0.33,690,448,3.1,0.26,148.394,104.582
6/30/2015,17:35:22,0,site_051915_124203,0,5.6,0,8.81,-103.7,232.3,232.3,-0.37,-1.46,-2.12,-5.92,24.559,683.5,689.3,0.33,689.9,448,3.1,0.26,147.75,104.129
6/30/2015,17:35:24,0,site_051915_124203,0,5.6,0,8.81,-103.7,232.1,232.1,-0.36,-1.44,-2.11,-5.92,24.568,683.5,689.2,0.33,689.8,448,3.1,0.26,145.147,102.295
6/30/2015,17:35:26,0,site_051915_124203,0,5.6,0,8.81,-103.7,232,232,-0.36,-1.45,-2.11,-5.9,24.58,683.6,689.1,0.33,689.7,448,3,0.25,144.299,101.698
6/30/2015,17:35:28,0,site_051915_124203,0,5.6,0,8.81,-103.8,231.8,231.8,-0.37,-1.46,-2.11,-5.92,24.593,683.7,689.1,0.33,689.6,448,3,0.25,143.469,101.113
6/30/2015,17:35:30,0,site_051915_124203,0,5.6,0,8.81,-103.8,231.6,231.6,-0.37,-1.5,-2.11,-5.9,24.606,683.8,689,0.33,689.6,448,3,0.25,142.846,100.675
6/30/2015,17:35:32,0,site_051915_124203,0,5.6,0,8.81,-103.9,231.4,231.4,-0.37,-1.47,-2.11,-5.9,24.621,684,688.9,0.33,689.5,448,3,0.25,142.209,100.226
6/30/2015,17:35:34,0,site_051915_124203,0,5.6,0,8.81,-104,231.1,231.1,-0.36,-1.45,-2.11,-5.9,24.636,684.1,688.8,0.33,689.3,448,3.1,0.26,139.417,98.259
6/30/2015,17:35:36,0,site_051915_124203,0,5.6,0,8.82,-104.2,230.9,230.9,-0.35,-1.41,-2.1,-5.89,24.651,684.2,688.8,0.33,689.2,448,3.2,0.27,138.646,97.716
6/30/2015,17:35:38,0,site_051915_124203,0,5.6,0,8.82,-104.3,230.7,230.7,-0.35,-1.41,-2.1,-5.89,24.665,684.2,688.7,0.33,689.1,448,3.4,0.28,138.178,97.387
6/30/2015,17:35:40,0,site_051915_124203,0,5.6,0,8.82,-104.4,230.5,230.5,-0.34,-1.38,-2.1,-5.87,24.678,684.3,688.5,0.33,689,448,3.7,0.3,137.911,97.199
6/30/2015,17:35:42,0,site_051915_124203,0,5.6,0,8.82,-104.6,230.3,230.3,-0.35,-1.38,-2.1,-5.89,24.69,684.4,688.4,0.33,688.8,447,4,0.33,137.815,97.132
6/30/2015,17:35:44,0,site_051915_124203,0,5.6,0,8.82,-104.7,230.1,230.1,-0.35,-1.4,-2.1,-5.87,24.699,684.4,688.3,0.33,688.8,447,4.4,0.36,137.934,97.216
6/30/2015,17:35:46,0,site_051915_124203,0,5.6,0,8.83,-104.8,229.9,229.9,-0.34,-1.37,-2.1,-5.89,24.704,684.4,688.3,0.33,688.7,447,4.7,0.39,138.112,97.341
6/30/2015,17:35:48,0,site_051915_124203,0,5.6,0,8.83,-104.9,229.7,229.7,-0.35,-1.42,-2.1,-5.89,24.708,684.5,688.3,0.33,688.7,447,5,0.42,138.206,97.407
6/30/2015,17:35:50,0,site_051915_124203,0,5.6,0,8.83,-105,229.5,229.5,-0.36,-1.43,-2.1,-5.87,24.71,684.5,688.3,0.33,688.7,447,5.3,0.44,138.253,97.441
6/30/2015,17:35:52,0,site_051915_124203,0,5.6,0,8.83,-105.1,229.4,229.4,-0.35,-1.41,-2.09,-5.85,24.71,684.4,688.2,0.33,688.6,447,5.5,0.45,138.263,97.448
6/30/2015,17:35:54,0,site_051915_124203,0,5.6,0,8.83,-105.2,229.2,229.2,-0.35,-1.42,-2.08,-5.83,24.71,684.4,688.2,0.33,688.6,447,5.6,0.47,138.215,97.414
6/30/2015,17:35:56,0,site_051915_124203,0,5.6,0,8.84,-105.3,229.1,229.1,-0.35,-1.41,-2.08,-5.83,24.71,684.4,688.2,0.33,688.6,447,5.7,0.47,136.37,96.114
6/30/2015,17:35:58,0,site_051915_124203,0,5.6,0,8.84,-105.4,228.9,228.9,-0.34,-1.38,-2.08,-5.84,24.714,684.4,688.2,0.33,688.6,447,5.8,0.48,135.444,95.461
6/30/2015,17:36:00,0,site_051915_124203,0,5.6,0,8.84,-105.5,228.8,228.8,-0.34,-1.38,-2.08,-5.81,24.719,684.4,688.1,0.33,688.5,447,5.9,0.49,134.515,94.807
6/30/2015,17:36:02,0,site_051915_124203,0,5.6,0,8.84,-105.6,228.6,228.6,-0.34,-1.37,-2.07,-5.8,24.726,684.5,688.1,0.33,688.4,447,6.1,0.51,134.011,94.452
6/30/2015,17:36:04,0,site_051915_124203,0,5.6,0,8.84,-105.6,228.5,228.5,-0.35,-1.39,-2.08,-5.82,24.734,684.5,688,0.33,688.3,447,6.4,0.53,133.409,94.028
6/30/2015,17:36:06,0,site_051915_124203,0,5.6,0,8.84,-105.7,228.3,228.3,-0.34,-1.38,-2.08,-5.82,24.742,684.5,687.9,0.33,688.2,447,6.8,0.56,131.249,92.506
6/30/2015,17:36:08,0,site_051915_124203,0,5.6,0,8.84,-105.8,228.2,228.2,-0.34,-1.38,-2.08,-5.81,24.75,684.5,687.8,0.33,688.1,447,7.2,0.59,130.071,91.676
6/30/2015,17:36:10,0,site_051915_124203,0,5.6,0,8.84,-105.9,228,228,-0.34,-1.35,-2.08,-5.83,24.758,684.5,687.7,0.33,688,447,7.6,0.63,129.812,91.494
6/30/2015,17:36:12,0,site_051915_124203,0,5.6,0,8.85,-106,227.9,227.9,-0.33,-1.31,-2.09,-5.84,24.766,684.5,687.6,0.33,687.9,447,8,0.66,129.162,91.036
6/30/2015,17:36:14,0,site_051915_124203,0,5.6,0,8.85,-106.1,227.7,227.7,-0.33,-1.33,-2.09,-5.86,24.775,684.5,687.5,0.33,687.8,447,8.5,0.7,126.919,89.455
6/30/2015,17:36:16,0,site_051915_124203,0,5.6,0,8.85,-106.2,227.5,227.5,-0.32,-1.3,-2.09,-5.86,24.783,684.5,687.3,0.33,687.6,447,9,0.75,125.842,88.697
6/30/2015,17:36:18,0,site_051915_124203,0,5.6,0,8.85,-106.4,227.3,227.3,-0.33,-1.31,-2.1,-5.87,24.792,684.5,687.2,0.33,687.5,447,9.5,0.79,125.317,88.327
6/30/2015,17:36:20,0,site_051915_124203,0,5.6,0,8.86,-106.6,227.1,227.1,-0.32,-1.3,-2.11,-5.91,24.806,684.5,687.1,0.33,687.3,447,10.1,0.84,124.799,87.962
6/30/2015,17:36:22,0,site_051915_124203,0,5.6,0,8.86,-106.8,226.9,226.9,-0.32,-1.27,-2.11,-5.91,24.829,684.6,686.8,0.33,687,446,14.7,1.22,122.396,86.269
6/30/2015,17:36:24,0,site_051915_124203,0,5.6,0,8.86,-107,226.7,226.7,-0.32,-1.29,-2.11,-5.9,24.859,684.7,686.5,0.33,686.7,446,16.2,1.34,121.182,85.414
6/30/2015,17:36:26,0,site_051915_124203,0,5.6,0,8.87,-107.3,226.4,226.4,-0.32,-1.26,-2.1,-5.89,24.893,684.8,686.2,0.33,686.3,446,17.4,1.44,120.702,85.077
6/30/2015,17:36:28,0,site_051915_124203,0,5.6,0,8.87,-107.6,226.2,226.2,-0.32,-1.27,-2.1,-5.89,24.934,685,685.9,0.33,685.9,446,18.6,1.53,119.983,84.571
6/30/2015,17:36:30,0,site_051915_124203,0,5.6,0,8.88,-108,225.9,225.9,-0.32,-1.27,-2.1,-5.88,24.978,685.2,685.5,0.33,685.5,446,19.6,1.62,119.476,84.215
6/30/2015,17:36:32,0,site_051915_124203,0,5.6,0,8.89,-108.3,225.6,225.6,-0.32,-1.29,-2.1,-5.87,25.023,685.4,685.1,0.33,685.1,445,24,1.98,117.599,82.893
6/30/2015,17:36:34,0,site_051915_124203,0,5.6,0,8.89,-108.7,225.3,225.3,-0.33,-1.33,-2.1,-5.87,25.059,685.6,684.8,0.33,684.7,445,24.9,2.05,117.054,82.51
6/30/2015,17:36:36,0,site_051915_124203,0,5.6,0,8.9,-109.1,225,225,-0.33,-1.31,-2.08,-5.83,25.087,685.8,684.6,0.33,684.5,445,25.5,2.1,117.136,82.568
6/30/2015,17:36:38,0,site_051915_124203,0,5.6,0,8.9,-109.5,224.7,224.7,-0.32,-1.28,-2.08,-5.82,25.11,685.9,684.5,0.33,684.3,445,25.9,2.13,116.98,82.459
6/30/2015,17:36:40,0,site_051915_124203,0,5.6,0,8.91,-109.9,224.4,224.4,-0.33,-1.33,-2.08,-5.83,25.123,686,684.3,0.33,684.2,445,26.2,2.16,116.883,82.391
6/30/2015,17:36:42,0,site_051915_124203,0,5.6,0,8.92,-110.3,224.1,224.1,-0.33,-1.32,-2.08,-5.82,25.133,686,684.3,0.33,684.1,445,26.5,2.18,116.914,82.413
6/30/2015,17:36:44,0,site_051915_124203,0,5.6,0,8.92,-110.6,223.9,223.9,-0.33,-1.32,-2.08,-5.83,25.138,686.1,684.3,0.33,684.1,445,26.7,2.2,117.046,82.506
6/30/2015,17:36:46,0,site_051915_124203,0,5.6,0,8.93,-110.9,223.7,223.7,-0.33,-1.31,-2.09,-5.84,25.139,686.1,684.3,0.33,684.1,445,26.9,2.21,118.965,83.859
6/30/2015,17:36:48,0,site_051915_124203,0,5.6,0,8.93,-111.2,223.5,223.5,-0.34,-1.35,-2.08,-5.82,25.136,686.1,684.3,0.33,684.1,445,27.2,2.23,119.954,84.556
6/30/2015,17:36:50,0,site_051915_124203,0,5.6,0,8.94,-111.3,223.3,223.3,-0.34,-1.35,-2.08,-5.81,25.127,686.1,684.4,0.33,684.3,445,27.4,2.25,120.608,85.016
6/30/2015,17:36:52,0,site_051915_124203,0,5.6,0,8.94,-111.4,223.1,223.1,-0.33,-1.33,-2.08,-5.81,25.114,686,684.5,0.33,684.3,445,27.4,2.26,121.128,85.383
6/30/2015,17:36:54,0,site_051915_124203,0,5.6,0,8.94,-111.5,223,223,-0.33,-1.34,-2.08,-5.82,25.097,685.9,684.6,0.33,684.5,445,27.2,2.24,121.401,85.575
6/30/2015,17:36:56,0,site_051915_124203,0,5.6,0,8.94,-111.5,222.9,222.9,-0.33,-1.33,-2.08,-5.83,25.081,685.8,684.8,0.33,684.6,445,26.9,2.21,121.303,85.505
6/30/2015,17:36:58,0,site_051915_124203,0,5.6,0,8.94,-111.5,222.8,222.8,-0.32,-1.29,-2.07,-5.8,25.069,685.7,684.8,0.33,684.7,445,26.5,2.18,121.112,85.37
6/30/2015,17:37:00,0,site_051915_124203,0,5.6,0,8.94,-111.5,222.7,222.7,-0.31,-1.24,-2.06,-5.77,25.061,685.6,684.8,0.33,684.8,445,26.1,2.15,121.039,85.319
6/30/2015,17:37:02,0,site_051915_124203,0,5.6,0,8.94,-111.5,222.6,222.6,-0.32,-1.26,-2.06,-5.77,25.055,685.6,684.9,0.33,684.8,445,25.7,2.12,121.012,85.299
6/30/2015,17:37:04,0,site_051915_124203,0,5.6,0,8.94,-111.5,222.5,222.5,-0.32,-1.27,-2.06,-5.77,25.054,685.6,684.9,0.33,684.8,445,25.5,2.1,120.961,85.263
6/30/2015,17:37:06,0,site_051915_124203,0,5.6,0,8.94,-111.5,222.4,222.4,-0.32,-1.27,-2.06,-5.77,25.06,685.6,684.8,0.33,684.7,445,25.3,2.09,119.429,84.183
6/30/2015,17:37:08,0,site_051915_124203,0,5.6,0,8.94,-111.5,222.3,222.3,-0.32,-1.27,-2.07,-5.8,25.07,685.7,684.7,0.33,684.6,445,25.4,2.09,117.734,82.989
6/30/2015,17:37:10,0,site_051915_124203,0,5.6,0,8.94,-111.5,222.2,222.2,-0.32,-1.26,-2.07,-5.79,25.083,685.8,684.7,0.33,684.6,445,25.6,2.11,117.062,82.516
6/30/2015,17:37:12,0,site_051915_124203,0,5.6,0,8.94,-111.5,222,222,-0.32,-1.29,-2.07,-5.79,25.096,685.8,684.6,0.33,684.5,445,25.9,2.14,116.271,81.959
6/30/2015,17:37:14,0,site_051915_124203,0,5.6,0,8.94,-111.6,221.9,221.9,-0.33,-1.31,-2.07,-5.79,25.112,685.9,684.5,0.33,684.3,445,26.3,2.17,113.706,80.151
6/30/2015,17:37:16,0,site_051915_124203,0,5.6,0,8.94,-111.7,221.7,221.7,-0.32,-1.27,-2.07,-5.79,25.132,686.1,684.3,0.33,684.2,445,26.8,2.21,112.695,79.439
6/30/2015,17:37:18,0,site_051915_124203,0,5.6,0,8.94,-111.8,221.5,221.5,-0.33,-1.32,-2.07,-5.8,25.159,686.2,684.2,0.33,683.9,445,27.5,2.26,112.006,78.954
6/30/2015,17:37:20,0,site_051915_124203,0,5.6,0,8.95,-112,221.3,221.3,-0.34,-1.35,-2.08,-5.81,25.187,686.4,684,0.33,683.7,445,28.2,2.32,109.853,77.438
6/30/2015,17:37:22,0,site_051915_124203,0,5.6,0,8.95,-112.1,221.1,221.1,-0.34,-1.36,-2.08,-5.82,25.216,686.6,683.8,0.33,683.5,444,29,2.38,108.241,76.302
6/30/2015,17:37:24,0,site_051915_124203,0,5.6,0,8.95,-112.3,220.9,220.9,-0.35,-1.39,-2.08,-5.81,25.248,686.8,683.5,0.33,683.2,444,29.7,2.44,107.75,75.957
6/30/2015,17:37:26,0,site_051915_124203,0,5.6,0,8.95,-112.5,220.7,220.7,-0.34,-1.35,-2.08,-5.81,25.284,687,683.3,0.33,682.9,444,30.4,2.5,106.866,75.334
6/30/2015,17:37:28,0,site_051915_124203,0,5.6,0,8.96,-112.7,220.5,220.5,-0.33,-1.34,-2.09,-5.84,25.321,687.3,683.1,0.33,682.6,444,31.1,2.55,104.579,73.723
6/30/2015,17:37:30,0,site_051915_124203,0,5.6,0,8.96,-113,220.2,220.2,-0.32,-1.29,-2.09,-5.84,25.363,687.5,682.8,0.33,682.3,444,31.8,2.6,103.426,72.911
6/30/2015,17:37:32,0,site_051915_124203,0,5.6,0,8.97,-113.3,219.9,219.9,-0.32,-1.28,-2.09,-5.85,25.41,687.9,682.5,0.33,682,444,32.4,2.66,102.863,72.515
6/30/2015,17:37:34,0,site_051915_124203,0,5.6,0,8.97,-113.6,219.6,219.6,-0.31,-1.24,-2.09,-5.86,25.462,688.2,682.2,0.33,681.6,443,33.1,2.71,100.725,71.009
6/30/2015,17:37:36,0,site_051915_124203,0,5.6,0,8.98,-113.9,219.3,219.3,-0.31,-1.23,-2.09,-5.86,25.517,688.6,681.9,0.33,681.2,443,33.8,2.77,99.59,70.21
6/30/2015,17:37:38,0,site_051915_124203,0,5.6,0,8.98,-114.2,219,219,-0.3,-1.22,-2.09,-5.85,25.564,688.9,681.6,0.33,680.8,443,37.8,3.08,99.23,69.957
6/30/2015,17:37:40,0,site_051915_124203,0,5.6,0,8.99,-114.5,218.7,218.7,-0.3,-1.21,-2.09,-5.85,25.618,689.3,681.3,0.33,680.4,443,38.5,3.14,98.543,69.474
6/30/2015,17:37:42,0,site_051915_124203,0,5.6,0,8.99,-114.8,218.4,218.4,-0.31,-1.23,-2.08,-5.81,25.664,689.6,681,0.33,680.1,443,38.9,3.17,96.358,67.935
6/30/2015,17:37:44,0,site_051915_124203,0,5.6,0,9,-115.1,218.1,218.1,-0.31,-1.23,-2.08,-5.84,25.703,689.8,680.7,0.33,679.8,442,39.3,3.2,95.39,67.253
6/30/2015,17:37:46,0,site_051915_124203,0,5.6,0,9,-115.4,217.8,217.8,-0.31,-1.23,-2.08,-5.82,25.738,690,680.5,0.33,679.5,442,39.8,3.24,94.617,66.709
6/30/2015,17:37:48,0,site_051915_124203,0,5.6,0,9.01,-115.7,217.5,217.5,-0.31,-1.23,-2.07,-5.8,25.768,690.2,680.2,0.33,679.2,442,40.2,3.27,92.545,65.248
6/30/2015,17:37:50,0,site_051915_124203,0,5.6,0,9.01,-116,217.2,217.2,-0.31,-1.22,-2.07,-5.79,25.808,690.4,680,0.33,678.9,442,40.7,3.31,91.207,64.306
6/30/2015,17:37:52,0,site_051915_124203,0,5.6,0,9.02,-116.3,216.9,216.9,-0.31,-1.24,-2.06,-5.78,25.855,690.7,679.6,0.33,678.5,442,45.1,3.66,90.267,63.644
6/30/2015,17:37:54,0,site_051915_124203,0,5.6,0,9.02,-116.5,216.7,216.7,-0.3,-1.22,-2.06,-5.77,25.902,691,679.3,0.33,678.1,442,46,3.73,88.352,62.295
6/30/2015,17:37:56,0,site_051915_124203,0,5.6,0,9.02,-116.8,216.5,216.5,-0.3,-1.22,-2.07,-5.79,25.95,691.3,679,0.33,677.7,441,46.6,3.78,87.161,61.456
6/30/2015,17:37:58,0,site_051915_124203,0,5.6,0,9.03,-117,216.2,216.2,-0.3,-1.22,-2.07,-5.8,25.998,691.5,678.6,0.33,677.3,441,47.1,3.81,86.53,61.012
6/30/2015,17:38:00,0,site_051915_124203,0,5.6,0,9.03,-117.2,216,216,-0.3,-1.22,-2.08,-5.81,26.064,691.9,678.2,0.33,676.8,441,47.7,3.86,84.707,59.728
6/30/2015,17:38:02,0,site_051915_124203,0,5.6,0,9.03,-117.5,215.8,215.8,-0.3,-1.19,-2.08,-5.81,26.135,692.3,677.7,0.33,676.1,440,51.8,4.18,83.838,59.116
6/30/2015,17:38:04,0,site_051915_124203,0,5.6,0,9.04,-117.7,215.5,215.5,-0.29,-1.15,-2.07,-5.8,26.196,692.7,677.3,0.33,675.7,440,53.2,4.29,82.807,58.391
6/30/2015,17:38:06,0,site_051915_124203,0,5.6,0,9.04,-118,215.3,215.3,-0.28,-1.11,-2.06,-5.78,26.25,693.1,676.9,0.33,675.2,440,53.6,4.33,80.945,57.079
6/30/2015,17:38:08,0,site_051915_124203,0,5.6,0,9.05,-118.2,215.1,215.1,-0.27,-1.07,-2.07,-5.81,26.305,693.5,676.7,0.33,674.9,440,54.1,4.36,79.754,56.239
6/30/2015,17:38:10,0,site_051915_124203,0,5.6,0,9.05,-118.4,214.9,214.9,-0.26,-1.03,-2.08,-5.81,26.348,693.8,676.4,0.33,674.5,440,54.3,4.37,78.92,55.652
6/30/2015,17:38:12,0,site_051915_124203,0,5.6,0,9.05,-118.6,214.7,214.7,-0.26,-1.05,-2.08,-5.82,26.385,694,676.1,0.33,674.3,439,54.6,4.39,77.269,54.488
6/30/2015,17:38:14,0,site_051915_124203,0,5.6,0,9.06,-118.9,214.5,214.5,-0.27,-1.07,-2.08,-5.84,26.407,694.2,676.1,0.33,674.1,439,54.9,4.41,75.853,53.49
6/30/2015,17:38:16,0,site_051915_124203,0,5.6,0,9.06,-119.1,214.3,214.3,-0.28,-1.11,-2.08,-5.83,26.431,694.4,675.9,0.33,674,439,55.3,4.45,75.235,53.055
6/30/2015,17:38:18,0,site_051915_124203,0,5.6,0,9.06,-119.3,214,214,-0.29,-1.15,-2.08,-5.82,26.459,694.5,675.7,0.33,673.7,439,59.5,4.78,73.336,51.716
6/30/2015,17:38:20,0,site_051915_124203,0,5.6,0,9.07,-119.6,213.8,213.8,-0.3,-1.2,-2.07,-5.81,26.503,694.9,675.5,0.33,673.4,439,62.1,4.98,72.218,50.929
6/30/2015,17:38:22,0,site_051915_124203,0,5.6,0,9.07,-119.8,213.6,213.6,-0.31,-1.22,-2.07,-5.81,26.557,695.3,675.2,0.33,673.1,439,63.8,5.12,71.23,50.233
6/30/2015,17:38:24,0,site_051915_124203,0,5.6,0,9.08,-120.1,213.3,213.3,-0.3,-1.21,-2.08,-5.83,26.612,695.7,674.9,0.33,672.7,439,68.8,5.51,69.515,49.024
6/30/2015,17:38:26,0,site_051915_124203,0,5.6,0,9.08,-120.5,213,213,-0.31,-1.23,-2.07,-5.8,26.661,696.1,674.7,0.33,672.4,439,71.1,5.69,69.293,48.868
6/30/2015,17:38:28,0,site_051915_124203,0,5.6,0,9.09,-120.8,212.8,212.8,-0.31,-1.23,-2.08,-5.81,26.705,696.4,674.4,0.33,672.1,438,72.3,5.78,69.186,48.794
6/30/2015,17:38:30,0,site_051915_124203,0,5.6,0,9.09,-121.1,212.5,212.5,-0.31,-1.26,-2.07,-5.8,26.743,696.7,674.3,0.33,671.9,438,73.1,5.85,67.706,47.75
6/30/2015,17:38:32,0,site_051915_124203,0,5.6,0,9.1,-121.5,212.2,212.2,-0.32,-1.27,-2.07,-5.79,26.769,696.9,674.1,0.33,671.7,438,73.8,5.89,66.882,47.17
6/30/2015,17:38:34,0,site_051915_124203,0,5.6,0,9.1,-121.8,211.9,211.9,-0.31,-1.25,-2.06,-5.76,26.785,697,674,0.33,671.5,438,74.3,5.94,66.074,46.6
6/30/2015,17:38:36,0,site_051915_124203,0,5.6,0,9.11,-122.2,211.7,211.7,-0.32,-1.26,-2.06,-5.77,26.795,696.9,673.8,0.33,671.4,438,74.8,5.98,63.753,44.963
6/30/2015,17:38:38,0,site_051915_124203,0,5.5,0,9.12,-122.6,211.4,211.4,-0.32,-1.26,-2.06,-5.77,26.804,696.9,673.7,0.33,671.3,438,75.3,6.02,61.817,43.598
6/30/2015,17:38:40,0,site_051915_124203,0,5.5,0,9.12,-122.9,211.1,211.1,-0.32,-1.27,-2.06,-5.77,26.813,696.9,673.6,0.33,671.1,438,79.2,6.32,60.438,42.626
6/30/2015,17:38:42,0,site_051915_124203,0,5.5,0,9.13,-123.2,210.9,210.9,-0.31,-1.26,-2.06,-5.77,26.821,696.9,673.5,0.33,671,438,79.6,6.35,57.487,40.545
6/30/2015,17:38:44,0,site_051915_124203,0,5.5,0,9.13,-123.4,210.7,210.7,-0.31,-1.26,-2.06,-5.76,26.829,697,673.4,0.33,670.9,438,79.9,6.38,56.039,39.524
6/30/2015,17:38:46,0,site_051915_124203,0,5.5,0,9.13,-123.6,210.4,210.4,-0.31,-1.23,-2.07,-5.79,26.836,697,673.4,0.33,670.9,438,80.2,6.4,55.153,38.899
6/30/2015,17:38:48,0,site_051915_124203,0,5.6,0,9.14,-123.8,210.2,210.2,-0.3,-1.21,-2.06,-5.77,26.842,697.1,673.4,0.33,670.9,438,80.4,6.41,52.97,37.36
6/30/2015,17:38:50,0,site_051915_124203,0,5.6,0,9.14,-123.9,210,210,-0.29,-1.17,-2.06,-5.76,26.846,697.1,673.4,0.33,670.9,438,80.6,6.43,51.812,36.543
6/30/2015,17:38:52,0,site_051915_124203,0,5.6,0,9.14,-124,209.9,209.9,-0.29,-1.15,-2.06,-5.77,26.85,697.2,673.4,0.33,670.9,438,80.8,6.45,51.415,36.263
6/30/2015,17:38:54,0,site_051915_124203,0,5.6,0,9.14,-124.1,209.7,209.7,-0.28,-1.11,-2.06,-5.78,26.854,697.3,673.5,0.33,671,438,81,6.46,50.859,35.871
6/30/2015,17:38:56,0,site_051915_124203,0,5.6,0,9.14,-124.3,209.5,209.5,-0.28,-1.11,-2.06,-5.77,26.859,697.4,673.5,0.33,670.9,438,81.4,6.49,49.567,34.96
6/30/2015,17:38:58,0,site_051915_124203,0,5.6,0,9.15,-124.3,209.3,209.3,-0.29,-1.16,-2.06,-5.77,26.863,697.4,673.4,0.33,670.9,438,81.8,6.53,48.602,34.279
6/30/2015,17:39:00,0,site_051915_124203,0,5.6,0,9.15,-124.4,209.1,209.1,-0.28,-1.14,-2.06,-5.77,26.869,697.4,673.4,0.33,670.8,438,82.2,6.56,48.425,34.155
6/30/2015,17:39:02,0,site_051915_124203,0,5.6,0,9.15,-124.5,209,209,-0.29,-1.16,-2.07,-5.79,26.874,697.4,673.3,0.33,670.7,438,82.6,6.59,48.165,33.971
6/30/2015,17:39:04,0,site_051915_124203,0,5.6,0,9.15,-124.6,208.8,208.8,-0.29,-1.16,-2.07,-5.79,26.879,697.4,673.2,0.33,670.7,438,82.9,6.61,47.921,33.799
6/30/2015,17:39:06,0,site_051915_124203,0,5.6,0,9.15,-124.6,208.7,208.7,-0.29,-1.18,-2.07,-5.81,26.883,697.4,673.2,0.33,670.6,438,83.2,6.63,47.742,33.673
6/30/2015,17:39:08,0,site_051915_124203,0,5.7,0,9.15,-124.7,208.5,208.5,-0.29,-1.17,-2.07,-5.81,26.887,697.4,673.1,0.33,670.6,438,83.4,6.65,47.627,33.592
6/30/2015,17:39:10,0,site_051915_124203,0,5.7,0,9.15,-124.7,208.3,208.3,-0.29,-1.15,-2.08,-5.81,26.89,697.4,673.1,0.33,670.5,438,83.6,6.66,47.524,33.519
6/30/2015,17:39:12,0,site_051915_124203,0,5.7,0,9.15,-124.8,208.2,208.2,-0.28,-1.12,-2.08,-5.82,26.892,697.4,673.1,0.33,670.5,438,83.7,6.67,47.49,33.495
6/30/2015,17:39:14,0,site_051915_124203,0,5.7,0,9.15,-124.8,208.1,208.1,-0.28,-1.13,-2.08,-5.83,26.892,697.5,673.1,0.33,670.5,438,83.7,6.67,49.427,34.861
6/30/2015,17:39:16,0,site_051915_124203,0,5.7,0,9.15,-124.9,207.9,207.9,-0.28,-1.1,-2.08,-5.82,26.891,697.5,673.2,0.33,670.6,438,83.7,6.67,51.211,36.12
6/30/2015,17:39:18,0,site_051915_124203,0,5.6,0,9.15,-124.9,207.8,207.8,-0.27,-1.09,-2.07,-5.8,26.888,697.5,673.2,0.33,670.6,438,83.7,6.67,51.501,36.324
6/30/2015,17:39:20,0,site_051915_124203,0,5.6,0,9.15,-124.9,207.7,207.7,-0.26,-1.06,-2.07,-5.8,26.883,697.5,673.3,0.33,670.7,438,83.7,6.67,51.905,36.609
6/30/2015,17:39:22,0,site_051915_124203,0,5.6,0,9.15,-124.9,207.6,207.6,-0.27,-1.08,-2.08,-5.82,26.877,697.5,673.4,0.33,670.8,438,83.6,6.66,53.109,37.458
6/30/2015,17:39:24,0,site_051915_124203,0,5.6,0,9.15,-124.9,207.5,207.5,-0.28,-1.11,-2.08,-5.82,26.871,697.5,673.4,0.33,670.9,438,83.5,6.66,52.161,36.79
6/30/2015,17:39:26,0,site_051915_124203,0,5.6,0,9.15,-124.9,207.4,207.4,-0.28,-1.13,-2.08,-5.81,26.866,697.5,673.5,0.33,670.9,438,83.4,6.65,51.752,36.501
6/30/2015,17:39:28,0,site_051915_124203,0,5.6,0,9.15,-124.9,207.3,207.3,-0.28,-1.13,-2.08,-5.82,26.863,697.5,673.6,0.33,671,438,83.3,6.64,51.096,36.038
6/30/2015,17:39:30,0,site_051915_124203,0,5.6,0,9.15,-124.9,207.2,207.2,-0.28,-1.12,-2.08,-5.82,26.863,697.6,673.6,0.33,671.1,438,83.2,6.64,49.343,34.802
6/30/2015,17:39:32,0,site_051915_124203,0,5.6,0,9.15,-124.9,207,207,-0.28,-1.13,-2.07,-5.81,26.864,697.6,673.6,0.33,671,438,83.2,6.64,48.289,34.058
6/30/2015,17:39:34,0,site_051915_124203,0,5.6,0,9.15,-124.9,206.9,206.9,-0.28,-1.1,-2.08,-5.82,26.867,697.6,673.5,0.33,671,438,83.3,6.64,47.939,33.812
6/30/2015,17:39:36,0,site_051915_124203,0,5.6,0,9.15,-124.9,206.8,206.8,-0.27,-1.09,-2.08,-5.83,26.873,697.5,673.4,0.33,670.9,438,83.5,6.66,46.457,32.767
6/30/2015,17:39:38,0,site_051915_124203,0,5.6,0,9.15,-124.9,206.7,206.7,-0.27,-1.07,-2.09,-5.84,26.879,697.5,673.4,0.33,670.8,438,83.7,6.67,45.317,31.962
6/30/2015,17:39:40,0,site_051915_124203,0,5.6,0,9.15,-124.9,206.6,206.6,-0.26,-1.04,-2.09,-5.84,26.885,697.5,673.2,0.33,670.7,438,83.9,6.69,43.569,30.73
6/30/2015,17:39:42,0,site_051915_124203,0,5.6,0,9.15,-124.9,206.5,206.5,-0.26,-1.03,-2.08,-5.83,26.892,697.4,673.1,0.33,670.5,438,84.1,6.7,42.435,29.93
6/30/2015,17:39:44,0,site_051915_124203,0,5.6,0,9.15,-124.9,206.3,206.3,-0.25,-1.01,-2.08,-5.82,26.901,697.3,672.9,0.33,670.3,437,84.2,6.71,41.531,29.293
6/30/2015,17:39:46,0,site_051915_124203,0,5.6,0,9.15,-124.9,206.2,206.2,-0.25,-1.01,-2.08,-5.82,26.914,697.2,672.6,0.33,670,437,84.3,6.72,40.083,28.271
6/30/2015,17:39:48,0,site_051915_124203,0,5.6,0,9.15,-124.9,206.1,206.1,-0.25,-0.99,-2.08,-5.81,26.928,697.1,672.4,0.32,669.7,437,84.4,6.72,38.904,27.44
6/30/2015,17:39:50,0,site_051915_124203,0,5.6,0,9.16,-124.9,206,206,-0.25,-1.01,-2.08,-5.83,26.943,696.9,672,0.32,669.4,437,84.4,6.72,37.987,26.794
6/30/2015,17:39:52,0,site_051915_124203,0,5.6,0,9.16,-125,205.9,205.9,-0.26,-1.02,-2.09,-5.84,26.96,696.8,671.7,0.32,669,437,84.4,6.72,37.276,26.292
6/30/2015,17:39:54,0,site_051915_124203,0,5.6,0,9.16,-125,205.7,205.7,-0.25,-1.01,-2.08,-5.83,26.975,696.8,671.4,0.32,668.7,436,84.5,6.73,35.215,24.839
6/30/2015,17:39:56,0,site_051915_124203,0,5.6,0,9.16,-125,205.6,205.6,-0.26,-1.03,-2.08,-5.82,26.988,696.6,671.2,0.32,668.4,436,84.6,6.73,34.175,24.105
6/30/2015,17:39:58,0,site_051915_124203,0,5.6,0,9.16,-125.1,205.5,205.5,-0.26,-1.03,-2.07,-5.79,26.998,696.6,671,0.32,668.3,436,84.7,6.74,32.519,22.937
6/30/2015,17:40:00,0,site_051915_124203,0,5.6,0,9.16,-125.1,205.3,205.3,-0.26,-1.06,-2.07,-5.8,27.004,696.5,670.9,0.32,668.1,436,84.9,6.76,31.531,22.241
6/30/2015,17:40:02,0,site_051915_124203,0,5.6,0,9.16,-125.1,205.2,205.2,-0.26,-1.05,-2.08,-5.83,27.008,696.5,670.8,0.32,668.1,436,85.2,6.78,30.319,21.386
6/30/2015,17:40:04,0,site_051915_124203,0,5.6,0,9.16,-125.2,205.1,205.1,-0.27,-1.07,-2.08,-5.83,27.011,696.6,670.8,0.32,668.1,436,85.4,6.79,28.264,19.936
6/30/2015,17:40:06,0,site_051915_124203,0,5.6,0,9.16,-125.2,204.9,204.9,-0.27,-1.1,-2.09,-5.86,27.012,696.5,670.7,0.32,668,436,85.6,6.81,27.089,19.107
6/30/2015,17:40:08,0,site_051915_124203,0,5.7,0,9.16,-125.2,204.8,204.8,-0.26,-1.06,-2.09,-5.86,27.014,696.5,670.7,0.32,667.9,436,85.7,6.82,26.304,18.554
6/30/2015,17:40:10,0,site_051915_124203,0,5.7,0,9.16,-125.3,204.7,204.7,-0.26,-1.05,-2.09,-5.85,27.015,696.5,670.7,0.32,667.9,436,85.9,6.83,23.603,16.648
6/30/2015,17:40:12,0,site_051915_124203,0,5.7,0,9.16,-125.3,204.6,204.6,-0.25,-0.99,-2.09,-5.84,27.017,696.5,670.6,0.32,667.9,436,86,6.84,22.757,16.052
6/30/2015,17:40:14,0,site_051915_124203,0,5.7,0,9.16,-125.4,204.5,204.5,-0.24,-0.97,-2.1,-5.87,27.018,696.5,670.6,0.32,667.9,436,86.1,6.85,21.982,15.506
6/30/2015,17:40:16,0,site_051915_124203,0,5.7,0,9.16,-125.4,204.4,204.4,-0.25,-1,-2.11,-5.92,27.02,696.4,670.6,0.32,667.8,436,86.2,6.86,22.132,15.611
6/30/2015,17:40:18,0,site_051915_124203,0,5.7,0,9.16,-125.4,204.4,204.4,-0.24,-0.94,-2.11,-5.91,27.021,696.4,670.5,0.32,667.8,436,86.3,6.87,22.108,15.594
6/30/2015,17:40:20,0,site_051915_124203,0,5.7,0,9.16,-125.4,204.4,204.4,-0.24,-0.98,-2.11,-5.9,27.023,696.4,670.5,0.32,667.8,436,86.5,6.87,21.956,15.487
6/30/2015,17:40:22,0,site_051915_124203,0,5.7,0,9.16,-125.4,204.3,204.3,-0.25,-0.99,-2.1,-5.88,27.024,696.5,670.5,0.32,667.8,436,86.6,6.88,20.345,14.351
6/30/2015,17:40:24,0,site_051915_124203,0,5.7,0,9.16,-125.4,204.3,204.3,-0.24,-0.94,-2.09,-5.86,27.025,696.5,670.6,0.32,667.8,436,86.7,6.89,18.662,13.164
6/30/2015,17:40:26,0,site_051915_124203,0,5.7,0,9.16,-125.5,204.2,204.2,-0.24,-0.94,-2.09,-5.85,27.026,696.4,670.5,0.32,667.7,436,86.8,6.9,18.084,12.756
6/30/2015,17:40:28,0,site_051915_124203,0,5.6,0,9.16,-125.5,204.2,204.2,-0.22,-0.87,-2.1,-5.88,27.027,696.5,670.5,0.32,667.7,436,86.9,6.91,16.097,11.354
6/30/2015,17:40:30,0,site_051915_124203,0,5.6,0,9.16,-125.5,204.1,204.1,-0.21,-0.86,-2.1,-5.87,27.029,696.5,670.5,0.32,667.7,436,87,6.92,14.437,10.184
6/30/2015,17:40:32,0,site_051915_124203,0,5.6,0,9.16,-125.5,204.1,204.1,-0.2,-0.81,-2.1,-5.89,27.031,696.5,670.5,0.32,667.7,436,87.1,6.93,14.062,9.919
6/30/2015,17:40:34,0,site_051915_124203,0,5.6,0,9.16,-125.5,204,204,-0.21,-0.85,-2.1,-5.87,27.034,696.5,670.5,0.32,667.7,436,87.2,6.93,13.715,9.674
6/30/2015,17:40:36,0,site_051915_124203,0,5.6,0,9.16,-125.5,204,204,-0.22,-0.86,-2.1,-5.87,27.036,696.5,670.5,0.32,667.7,436,87.3,6.94,13.594,9.589
6/30/2015,17:40:38,0,site_051915_124203,0,5.7,0,9.16,-125.5,203.9,203.9,-0.22,-0.9,-2.1,-5.88,27.038,696.5,670.4,0.32,667.6,436,87.4,6.95,13.478,9.507
6/30/2015,17:40:40,0,site_051915_124203,0,5.7,0,9.16,-125.5,203.7,203.7,-0.22,-0.87,-2.1,-5.88,27.04,696.5,670.4,0.32,667.6,436,87.5,6.96,13.319,9.395
6/30/2015,17:40:42,0,site_051915_124203,0,5.7,0,9.16,-125.5,203.6,203.6,-0.23,-0.93,-2.11,-5.91,27.042,696.6,670.4,0.32,667.6,436,87.6,6.96,13.2,9.311
6/30/2015,17:40:44,0,site_051915_124203,0,5.7,0,9.16,-125.5,203.5,203.5,-0.22,-0.88,-2.12,-5.93,27.042,696.6,670.4,0.32,667.6,436,87.6,6.96,13.203,9.313
6/30/2015,17:40:46,0,site_051915_124203,0,5.7,0,9.16,-125.5,203.4,203.4,-0.21,-0.83,-2.12,-5.94,27.042,696.6,670.4,0.32,667.6,436,87.6,6.97,13.282,9.369
6/30/2015,17:40:48,0,site_051915_124203,0,5.7,0,9.16,-125.5,203.3,203.3,-0.21,-0.84,-2.12,-5.95,27.042,696.6,670.4,0.32,667.6,436,87.7,6.97,13.277,9.366
6/30/2015,17:40:50,0,site_051915_124203,0,5.7,0,9.16,-125.5,203.1,203.1,-0.22,-0.87,-2.12,-5.93,27.042,696.5,670.4,0.32,667.6,436,87.7,6.97,11.903,8.396
6/30/2015,17:40:52,0,site_051915_124203,0,5.7,0,9.16,-125.6,203,203,-0.23,-0.92,-2.11,-5.9,27.042,696.5,670.4,0.32,667.6,436,87.7,6.97,11.082,7.817
6/30/2015,17:40:54,0,site_051915_124203,0,5.7,0,9.16,-125.6,202.9,202.9,-0.24,-0.96,-2.12,-5.93,27.045,696.6,670.4,0.32,667.6,436,87.8,6.98,10.287,7.256
6/30/2015,17:40:56,0,site_051915_124203,0,5.7,0,9.17,-125.6,202.8,202.8,-0.26,-1.02,-2.12,-5.93,27.049,696.7,670.4,0.32,667.6,436,87.8,6.98,9.921,6.998
6/30/2015,17:40:58,0,site_051915_124203,0,5.6,0,9.17,-125.6,202.7,202.7,-0.27,-1.1,-2.12,-5.92,27.054,696.7,670.4,0.32,667.6,436,87.8,6.98,9.734,6.866
6/30/2015,17:41:00,0,site_051915_124203,0,5.6,0,9.17,-125.6,202.6,202.6,-0.29,-1.16,-2.12,-5.93,27.067,696.9,670.5,0.32,667.6,436,87.9,6.98,9.661,6.815
6/30/2015,17:41:02,0,site_051915_124203,0,5.6,0,9.17,-125.6,202.5,202.5,-0.3,-1.18,-2.1,-5.89,27.081,697.2,670.5,0.32,667.7,436,87.9,6.98,9.646,6.804
6/30/2015,17:41:04,0,site_051915_124203,0,5.6,0,9.16,-125.6,202.4,202.4,-0.31,-1.24,-2.1,-5.88,27.094,697.4,670.6,0.32,667.7,436,87.9,6.98,7.809,5.508
6/30/2015,17:41:06,0,site_051915_124203,0,5.6,0,9.16,-125.6,202.3,202.3,-0.31,-1.25,-2.1,-5.87,27.107,697.6,670.6,0.32,667.7,436,87.9,6.98,5.982,4.22
6/30/2015,17:41:08,0,site_051915_124203,0,5.5,0,9.16,-125.6,202.2,202.2,-0.31,-1.24,-2.09,-5.86,27.12,697.8,670.6,0.32,667.8,436,87.9,6.98,3.414,2.408
6/30/2015,17:41:10,0,site_051915_124203,0,5.5,0,9.16,-125.5,202,202,-0.32,-1.26,-2.11,-5.9,27.136,698,670.7,0.32,667.8,436,88,6.98,1.459,1.029
6/30/2015,17:41:12,0,site_051915_124203,0,5.5,0,9.16,-125.5,201.9,201.9,-0.31,-1.26,-2.1,-5.88,27.147,698.2,670.7,0.32,667.8,436,88,6.98,0.048,0.034
6/30/2015,17:41:14,0,site_051915_124203,0,5.5,0,9.16,-125.5,201.9,201.9,-0.31,-1.25,-2.1,-5.88,27.151,580.6,557.7,0.27,555.3,363,88,6.98,-1.232,-0.869
6/30/2015,17:41:16,0,site_051915_124203,0,5.5,0,9.16,-125.5,201.8,201.8,-0.29,-1.16,-2.05,-5.74,27.156,683.4,656.4,0.32,653.5,427,88.1,6.99,-1.317,-0.929
6/30/2015,17:41:18,0,site_051915_124203,0,5.5,0,9.16,-125.3,215.5,215.5,-0.21,-0.84,-1.96,-5.48,27.139,67.9,65.2,0.03,64.9,42,88.1,7,-1.317,-0.929
6/30/2015,17:41:20,0,site_051915_124203,0,5.5,0,8.98,-114.7,219.3,219.3,-0.15,-0.59,-1.83,-5.14,27.052,25.8,24.8,0.01,24.7,16,88,7,-1.318,-0.93
6/30/2015,17:41:22,0,site_051915_124203,0,5.5,0,8.75,-101.4,220.5,220.5,-0.13,-0.51,-1.62,-4.54,26.908,24.2,23.3,0.01,23.2,15,87.7,6.99,-1.319,-0.931
6/30/2015,17:41:24,0,site_051915_124203,0,5.5,0,8.76,-101.7,221.5,221.5,-0.03,-0.12,-1.37,-3.84,26.733,23.2,22.4,0.01,22.3,15,87.2,6.97,-1.319,-0.931
6/30/2015,17:41:26,0,site_051915_124203,0,5.5,0,8.8,-104.2,222.1,222.1,0.09,0.36,-1.14,-3.2,26.528,21.8,21.2,0.01,21.2,14,86.8,6.96,-1.319,-0.931
6/30/2015,17:41:28,0,site_051915_124203,0,5.6,0,8.76,-101.6,221.2,221.2,0.15,0.6,-0.89,-2.49,26.316,20,19.5,0.01,19.4,13,86.4,6.95,-1.319,-0.931
6/30/2015,17:41:30,0,site_051915_124203,0,5.6,0,8.73,-99.5,210.2,210.2,0.19,0.77,-0.64,-1.79,26.092,19.7,19.3,0.01,19.2,13,85.9,6.94,-1.319,-0.93
6/30/2015,17:41:32,0,site_051915_124203,0,5.6,0,8.73,-99.4,213.8,213.8,0.27,1.09,-0.4,-1.13,25.875,18.4,18,0.01,18,12,85.6,6.95,-1.319,-0.93
6/30/2015,17:41:34,0,site_051915_124203,0,5.6,0,8.74,-100.3,208.8,208.8,0.33,1.31,-0.21,-0.59,25.72,17.1,16.8,0.01,16.8,11,85.5,6.96,-1.319,-0.93
6/30/2015,17:41:36,0,site_051915_124203,0,5.6,0,8.74,-100,207.9,207.9,0.32,1.27,-0.11,-0.3,25.588,14.9,14.7,0.01,14.7,10,85.5,6.98,-1.319,-0.93
6/30/2015,17:41:38,0,site_051915_124203,0,5.6,0,8.66,-95.4,209.2,209.2,0.31,1.24,-0.03,-0.08,25.463,13.7,13.6,0,13.6,9,85.4,6.99,-1.319,-0.93
6/30/2015,17:41:40,0,site_051915_124203,0,5.6,0,8.68,-96.7,210.5,210.5,0.29,1.17,0.01,0.04,25.333,13.7,13.6,0,13.6,9,85.3,7,-1.319,-0.93
6/30/2015,17:41:42,0,site_051915_124203,0,5.6,0,8.72,-98.7,212.1,212.1,0.29,1.16,0.02,0.05,25.205,14.6,14.5,0.01,14.5,9,85.3,7.01,-1.319,-0.93
6/30/2015,17:41:44,0,site_051915_124203,0,5.6,0,8.72,-98.7,216.6,216.6,0.29,1.17,0.01,0.02,25.105,14.7,14.7,0.01,14.7,10,85.3,7.03,-1.319,-0.93
6/30/2015,17:41:46,0,site_051915_124203,0,5.6,0,8.73,-99.1,222.2,222.2,0.29,1.17,0,0.01,25.003,15.1,15.1,0.01,15.1,10,85.4,7.05,-1.319,-0.93
6/30/2015,17:41:48,0,site_051915_124203,0,5.6,0,8.74,-99.8,223.1,223.1,0.3,1.2,-0.01,-0.03,24.903,15.4,15.4,0.01,15.4,10,85.4,7.07,-1.319,-0.93
6/30/2015,17:41:50,0,site_051915_124203,0,5.6,0,8.74,-99.6,224.2,224.2,0.3,1.19,-0.01,-0.03,24.818,15.5,15.5,0.01,15.5,10,85.6,7.09,-1.319,-0.93
6/30/2015,17:41:52,0,site_051915_124203,0,5.6,0,8.73,-99.4,224,224,0.31,1.23,-0.03,-0.07,24.758,14.9,15,0.01,15,10,85.9,7.13,-1.318,-0.93
6/30/2015,17:41:54,0,site_051915_124203,0,5.6,0,8.73,-99.4,224.8,224.8,0.29,1.17,-0.02,-0.07,24.704,14.3,14.3,0.01,14.4,9,86.1,7.15,-1.318,-0.93
6/30/2015,17:41:56,0,site_051915_124203,0,5.6,0,8.73,-99.2,224.3,224.3,0.29,1.17,-0.02,-0.06,24.654,12.2,12.3,0,12.3,8,86.3,7.18,-1.318,-0.93
6/30/2015,17:41:58,0,site_051915_124203,0,5.6,0,8.73,-98.9,224.2,224.2,0.28,1.14,-0.01,-0.04,24.622,10.8,10.9,0,10.9,7,86.5,7.2,-1.318,-0.93
6/30/2015,17:42:00,0,site_051915_124203,0,5.6,0,8.72,-98.8,224.5,224.5,0.3,1.18,-0.02,-0.06,24.595,9.8,9.9,0,9.9,6,86.6,7.21,-1.318,-0.929
6/30/2015,17:42:02,0,site_051915_124203,0,5.6,0,8.72,-98.6,225.4,225.4,0.3,1.2,-0.02,-0.05,24.57,9.4,9.4,0,9.4,6,86.7,7.22,-1.318,-0.929
6/30/2015,17:42:04,0,site_051915_124203,0,5.6,0,8.72,-98.4,226,226,0.31,1.24,-0.01,-0.03,24.547,9,9.1,0,9.1,6,86.8,7.23,-1.318,-0.929
6/30/2015,17:42:06,0,site_051915_124203,0,5.6,0,8.72,-98.3,226.6,226.6,0.3,1.21,0,-0.01,24.529,8.8,8.9,0,8.9,6,86.8,7.24,-1.318,-0.929
6/30/2015,17:42:08,0,site_051915_124203,0,5.5,0,8.71,-98.2,234.4,234.4,0.3,1.19,0.01,0.02,24.517,8.6,8.7,0,8.7,6,86.9,7.25,-1.318,-0.929
6/30/2015,17:42:10,0,site_051915_124203,0,5.5,0,8.71,-97.9,237.5,237.5,0.29,1.15,0.01,0.04,24.509,8.4,8.5,0,8.5,6,87,7.26,-1.318,-0.929
6/30/2015,17:42:12,0,site_051915_124203,0,5.5,0,8.71,-97.7,234.9,234.9,0.28,1.11,0.02,0.04,24.503,8.2,8.3,0,8.3,5,87.1,7.27,-1.318,-0.929
6/30/2015,17:42:14,0,site_051915_124203,0,5.5,0,8.7,-97.4,232.3,232.3,0.28,1.13,0.03,0.08,24.496,8.3,8.4,0,8.4,5,87.2,7.28,-1.318,-0.929
6/30/2015,17:42:16,0,site_051915_124203,0,5.5,0,8.69,-97,232.7,232.7,0.28,1.13,0.02,0.06,24.486,8.8,8.9,0,8.9,6,87.3,7.28,-1.318,-0.929
6/30/2015,17:42:18,0,site_051915_124203,0,5.6,0,8.69,-96.6,232.1,232.1,0.3,1.2,0.03,0.08,24.473,10.4,10.5,0,10.5,7,87.3,7.28,-1.317,-0.929
6/30/2015,17:42:20,0,site_051915_124203,0,5.6,0,8.68,-96.2,230.5,230.5,0.3,1.19,0.03,0.09,24.447,12.1,12.3,0,12.3,8,87.2,7.28,-1.317,-0.929
6/30/2015,17:42:22,0,site_051915_124203,0,5.6,0,8.67,-95.8,230.3,230.3,0.3,1.19,0.03,0.09,24.408,13.7,13.9,0,13.9,9,87.2,7.28,-1.317,-0.929
6/30/2015,17:42:24,0,site_051915_124203,0,5.6,0,8.67,-95.4,243.8,243.8,0.29,1.16,0.04,0.11,24.364,15.1,15.3,0.01,15.3,10,87.1,7.28,-1.317,-0.929
6/30/2015,17:42:26,0,site_051915_124203,0,5.6,0,8.66,-95.1,252,252,0.3,1.2,0.03,0.09,24.319,15.5,15.7,0.01,15.7,10,87.1,7.29,-1.317,-0.929
6/30/2015,17:42:28,0,site_051915_124203,0,5.4,0,8.66,-94.9,252.8,252.8,0.3,1.22,0.02,0.05,24.275,15.6,15.8,0.01,15.8,10,87.1,7.29,-1.317,-0.929
6/30/2015,17:42:30,0,site_051915_124203,0,5.4,0,8.66,-94.9,254.8,254.8,0.32,1.28,0.04,0.11,24.238,14.8,15.1,0.01,15.1,10,87.1,7.3,-1.317,-0.929
6/30/2015,17:42:32,0,site_051915_124203,0,5.4,0,8.66,-94.8,253.1,253.1,0.33,1.33,0.04,0.11,24.215,13.6,13.8,0,13.8,9,87.2,7.31,-1.317,-0.929
6/30/2015,17:42:34,0,site_051915_124203,0,5.4,0,8.66,-94.7,252.5,252.5,0.32,1.29,0.05,0.14,24.204,12.3,12.4,0,12.5,8,87.3,7.32,-1.317,-0.929
6/30/2015,17:42:36,0,site_051915_124203,0,5.4,0,8.66,-94.8,251.8,251.8,0.32,1.29,0.05,0.15,24.199,10.8,11,0,11,7,87.4,7.33,-1.317,-0.928
6/30/2015,17:42:38,0,site_051915_124203,0,5.6,0,8.66,-94.9,251.7,251.7,0.32,1.26,0.06,0.16,24.201,9.9,10.1,0,10.1,7,87.5,7.34,-1.317,-0.928
6/30/2015,17:42:40,0,site_051915_124203,0,5.6,0,8.8,-102.8,252.3,252.3,0.31,1.24,0.07,0.21,24.215,9.8,9.9,0,9.9,6,87.6,7.35,-1.317,-0.928
6/30/2015,17:42:42,0,site_051915_124203,0,5.6,0,8.8,-103.1,253.2,253.2,0.28,1.14,0.06,0.18,24.241,9.7,9.9,0,9.9,6,87.8,7.36,-1.317,-0.928
6/30/2015,17:42:44,0,site_051915_124203,0,5.6,0,8.8,-103.3,254,254,0.3,1.2,0.05,0.15,24.262,9.5,9.7,0,9.7,6,87.9,7.37,-1.316,-0.928
6/30/2015,17:42:46,0,site_051915_124203,0,5.6,0,8.81,-103.6,254.7,254.7,0.3,1.19,0.06,0.17,24.283,9.4,9.5,0,9.5,6,88.1,7.38,-1.316,-0.928
6/30/2015,17:42:48,0,site_051915_124203,0,5.1,0,8.82,-104,255.4,255.4,0.29,1.16,0.06,0.18,24.311,9.2,9.3,0,9.3,6,88.2,7.38,-1.316,-0.928
6/30/2015,17:42:50,0,site_051915_124203,0,5.1,0,8.82,-104.4,256.4,256.4,0.3,1.2,0.06,0.16,24.341,9,9.1,0,9.1,6,88.4,7.39,-1.315,-0.927
6/30/2015,17:42:52,0,site_051915_124203,0,5.1,0,8.83,-104.7,257.1,257.1,0.31,1.23,0.05,0.13,24.37,9,9.1,0,9.1,6,88.5,7.4,-1.315,-0.927
6/30/2015,17:42:54,0,site_051915_124203,0,5.1,0,8.83,-105,258.3,258.3,0.3,1.21,0.04,0.11,24.397,8.8,8.9,0,9,6,88.5,7.4,-1.314,-0.927
6/30/2015,17:42:56,0,site_051915_124203,0,5.1,0,8.84,-105.3,259.7,259.7,0.31,1.26,0.04,0.12,24.425,8.5,8.6,0,8.6,6,88.6,7.4,-1.314,-0.926
6/30/2015,17:42:58,0,site_051915_124203,0,5.4,0,8.84,-105.5,261.4,261.4,0.33,1.31,0.03,0.08,24.451,8,8.1,0,8.1,5,88.7,7.4,-1.313,-0.926
6/30/2015,17:43:00,0,site_051915_124203,0,5.4,0,8.84,-105.8,262.9,262.9,0.32,1.29,0.03,0.1,24.476,7.7,7.8,0,7.8,5,88.7,7.41,-1.312,-0.925
6/30/2015,17:43:02,0,site_051915_124203,0,5.4,0,8.85,-106,264.2,264.2,0.3,1.21,0.05,0.13,24.502,7.6,7.7,0,7.7,5,88.8,7.41,-1.312,-0.925
6/30/2015,17:43:04,0,site_051915_124203,0,5.4,0,8.85,-106.1,265.3,265.3,0.3,1.21,0.04,0.12,24.525,7.5,7.6,0,7.6,5,88.8,7.41,-1.311,-0.924
6/30/2015,17:43:06,0,site_051915_124203,0,5.4,0,8.86,-106.5,266.3,266.3,0.31,1.24,0.04,0.11,24.542,7.2,7.3,0,7.3,5,88.9,7.41,-1.309,-0.923
6/30/2015,17:43:08,0,site_051915_124203,0,5.6,0,8.86,-106.9,267.1,267.1,0.29,1.15,0.03,0.09,24.555,7,7,0,7,5,88.9,7.41,-1.308,-0.923
6/30/2015,17:43:10,0,site_051915_124203,0,5.6,0,8.87,-107.2,267.8,267.8,0.29,1.17,0.02,0.05,24.568,6.9,6.9,0,6.9,5,88.9,7.41,-1.307,-0.922
6/30/2015,17:43:12,0,site_051915_124203,0,5.6,0,8.87,-107.5,268.4,268.4,0.31,1.22,0.01,0.03,24.58,6.8,6.9,0,6.9,4,88.9,7.41,-1.306,-0.921
6/30/2015,17:43:14,0,site_051915_124203,0,5.6,0,8.88,-107.7,269,269,0.31,1.26,0,0.01,24.592,6.7,6.8,0,6.8,4,89,7.41,-1.305,-0.92
6/30/2015,17:43:16,0,site_051915_124203,0,5.6,0,8.88,-108,269.6,269.6,0.31,1.25,-0.01,-0.02,24.604,6.7,6.8,0,6.8,4,89,7.41,-1.303,-0.919
6/30/2015,17:43:18,0,site_051915_124203,0,5.6,0,8.89,-108.3,270,270,0.3,1.22,-0.01,-0.03,24.615,6.7,6.8,0,6.8,4,89,7.41,-1.302,-0.918
6/30/2015,17:43:20,0,site_051915_124203,0,5.6,0,8.89,-108.5,270.3,270.3,0.31,1.22,-0.01,-0.02,24.626,6.7,6.8,0,6.8,4,89,7.41,-1.301,-0.917
6/30/2015,17:43:22,0,site_051915_124203,0,5.6,0,8.89,-108.6,270.4,270.4,0.28,1.12,-0.02,-0.05,24.637,6.7,6.8,0,6.8,4,89.1,7.41,-1.299,-0.916
6/30/2015,17:43:24,0,site_051915_124203,0,5.6,0,8.9,-108.8,270.5,270.5,0.28,1.11,-0.02,-0.06,24.649,6.7,6.8,0,6.8,4,89.1,7.41,-1.298,-0.915
6/30/2015,17:43:26,0,site_051915_124203,0,5.6,0,8.9,-109,270.6,270.6,0.27,1.07,-0.02,-0.06,24.66,6.7,6.8,0,6.8,4,89.1,7.41,-1.297,-0.914
6/30/2015,17:43:28,0,site_051915_124203,0,5.6,0,8.9,-109.1,270.6,270.6,0.28,1.1,-0.02,-0.05,24.671,6.7,6.8,0,6.8,4,89.1,7.41,-1.295,-0.913
6/30/2015,17:43:30,0,site_051915_124203,0,5.6,0,8.9,-109.3,270.6,270.6,0.28,1.1,0,-0.01,24.682,6.6,6.7,0,6.7,4,89.1,7.41,-1.294,-0.913
6/30/2015,17:43:32,0,site_051915_124203,0,5.6,0,8.9,-109.4,270.5,270.5,0.29,1.14,0,0,24.695,6.6,6.7,0,6.7,4,89.1,7.41,-1.293,-0.912
6/30/2015,17:43:34,0,site_051915_124203,0,5.6,0,8.91,-109.5,270.3,270.3,0.3,1.2,0.01,0.03,24.705,6.6,6.6,0,6.6,4,89.1,7.41,-1.292,-0.911
6/30/2015,17:43:36,0,site_051915_124203,0,5.6,0,8.91,-109.6,270.2,270.2,0.3,1.19,0.02,0.04,24.717,6.6,6.6,0,6.6,4,89.2,7.41,-1.291,-0.91
6/30/2015,17:43:38,0,site_051915_124203,0,5.6,0,8.91,-109.7,270,270,0.3,1.21,0.02,0.07,24.729,6.5,6.6,0,6.6,4,89.2,7.41,-1.29,-0.91
6/30/2015,17:43:40,0,site_051915_124203,0,5.6,0,8.91,-109.7,269.7,269.7,0.3,1.2,0.02,0.07,24.741,6.5,6.6,0,6.6,4,89.2,7.41,-1.289,-0.909
6/30/2015,17:43:42,0,site_051915_124203,0,5.6,0,8.91,-109.7,269.3,269.3,0.31,1.24,0.03,0.09,24.754,6.5,6.6,0,6.6,4,89.2,7.41,-1.288,-0.908
6/30/2015,17:43:44,0,site_051915_124203,0,5.6,0,8.91,-109.7,269,269,0.31,1.23,0.04,0.11,24.768,6.5,6.6,0,6.6,4,89.2,7.41,-1.287,-0.907
6/30/2015,17:43:46,0,site_051915_124203,0,5.6,0,8.91,-109.7,268.6,268.6,0.3,1.22,0.05,0.14,24.779,6.5,6.5,0,6.6,4,89.2,7.41,-1.286,-0.907
6/30/2015,17:43:48,0,site_051915_124203,0,5.6,0,8.91,-109.7,268.2,268.2,0.29,1.16,0.05,0.15,24.791,6.5,6.5,0,6.5,4,89.3,7.41,-1.285,-0.906
6/30/2015,17:43:50,0,site_051915_124203,0,5.6,0,8.91,-109.7,267.8,267.8,0.3,1.18,0.06,0.16,24.805,6.5,6.5,0,6.5,4,89.3,7.41,-1.284,-0.906
6/30/2015,17:43:52,0,site_051915_124203,0,5.6,0,8.91,-109.7,267.5,267.5,0.3,1.18,0.07,0.19,24.817,6.5,6.5,0,6.5,4,89.3,7.4,-1.283,-0.905
6/30/2015,17:43:54,0,site_051915_124203,0,5.6,0,8.91,-109.6,267,267,0.29,1.16,0.08,0.24,24.827,6.5,6.5,0,6.5,4,89.3,7.4,-1.283,-0.904
6/30/2015,17:43:56,0,site_051915_124203,0,5.6,0,8.91,-109.6,266.6,266.6,0.29,1.14,0.09,0.27,24.838,6.5,6.5,0,6.5,4,89.3,7.4,-1.282,-0.904
6/30/2015,17:43:58,0,site_051915_124203,0,5.6,0,8.91,-109.6,266.1,266.1,0.28,1.12,0.09,0.26,24.85,6.5,6.5,0,6.5,4,89.3,7.4,-1.281,-0.903
6/30/2015,17:44:00,0,site_051915_124203,0,5.6,0,8.91,-109.6,265.6,265.6,0.27,1.1,0.11,0.3,24.861,6.5,6.5,0,6.5,4,89.3,7.4,-1.28,-0.902
6/30/2015,17:44:02,0,site_051915_124203,0,5.6,0,8.91,-109.6,265.1,265.1,0.28,1.1,0.13,0.36,24.873,6.5,6.5,0,6.5,4,89.3,7.4,-1.279,-0.902
6/30/2015,17:44:04,0,site_051915_124203,0,5.6,0,8.91,-109.5,264.5,264.5,0.28,1.1,0.15,0.42,24.884,6.5,6.5,0,6.5,4,89.4,7.4,-1.278,-0.901
6/30/2015,17:44:06,0,site_051915_124203,0,5.6,0,8.91,-109.5,264,264,0.27,1.1,0.16,0.45,24.895,6.4,6.5,0,6.5,4,89.4,7.4,-1.277,-0.9
6/30/2015,17:44:08,0,site_051915_124203,0,5.6,0,8.91,-109.5,263.5,263.5,0.28,1.11,0.17,0.47,24.906,6.5,6.5,0,6.5,4,89.4,7.4,-1.276,-0.9
6/30/2015,17:44:10,0,site_051915_124203,0,5.6,0,8.9,-109.4,262.9,262.9,0.29,1.16,0.19,0.54,24.917,6.5,6.5,0,6.5,4,89.4,7.4,-1.275,-0.899
6/30/2015,17:44:12,0,site_051915_124203,0,5.6,0,8.9,-109.4,262.3,262.3,0.3,1.2,0.2,0.56,24.928,6.5,6.5,0,6.5,4,89.4,7.4,-1.274,-0.898
6/30/2015,17:44:14,0,site_051915_124203,0,5.6,0,8.9,-109.4,261.7,261.7,0.31,1.23,0.2,0.56,24.937,6.5,6.5,0,6.5,4,89.4,7.4,-1.273,-0.898
6/30/2015,17:44:16,0,site_051915_124203,0,5.6,0,8.9,-109.4,261.1,261.1,0.31,1.23,0.22,0.63,24.947,6.5,6.5,0,6.5,4,89.4,7.4,-1.272,-0.897
6/30/2015,17:44:18,0,site_051915_124203,0,5.6,0,8.9,-109.4,260.5,260.5,0.32,1.29,0.23,0.64,24.957,6.5,6.5,0,6.5,4,89.5,7.4,-1.271,-0.896
6/30/2015,17:44:20,0,site_051915_124203,0,5.6,0,8.9,-109.4,259.9,259.9,0.32,1.27,0.23,0.66,24.967,6.4,6.5,0,6.5,4,89.5,7.4,-1.27,-0.896
6/30/2015,17:44:22,0,site_051915_124203,0,5.6,0,8.9,-109.4,259.2,259.2,0.32,1.27,0.24,0.68,24.978,6.4,6.4,0,6.4,4,89.5,7.4,-1.269,-0.895
6/30/2015,17:44:24,0,site_051915_124203,0,5.6,0,8.9,-109.4,258.6,258.6,0.32,1.26,0.24,0.66,24.989,6.4,6.4,0,6.4,4,89.5,7.4,-1.268,-0.894
6/30/2015,17:44:26,0,site_051915_124203,0,5.6,0,8.9,-109.4,257.9,257.9,0.32,1.29,0.24,0.68,24.999,6.4,6.4,0,6.4,4,89.5,7.4,-1.268,-0.894
6/30/2015,17:44:28,0,site_051915_124203,0,5.6,0,8.9,-109.4,257.2,257.2,0.33,1.3,0.26,0.72,25.009,6.4,6.4,0,6.4,4,89.5,7.4,-1.267,-0.893
6/30/2015,17:44:30,0,site_051915_124203,0,5.6,0,8.9,-109.4,256.6,256.6,0.32,1.29,0.26,0.72,25.019,6.4,6.4,0,6.4,4,89.5,7.4,-1.266,-0.893
6/30/2015,17:44:32,0,site_051915_124203,0,5.6,0,8.9,-109.4,256.2,256.2,0.33,1.31,0.27,0.75,25.03,6.4,6.4,0,6.4,4,89.6,7.4,-1.265,-0.892
6/30/2015,17:44:34,0,site_051915_124203,0,5.6,0,8.9,-109.4,255.4,255.4,0.33,1.3,0.28,0.79,25.043,6.4,6.4,0,6.4,4,89.6,7.4,-1.264,-0.892
6/30/2015,17:44:36,0,site_051915_124203,0,5.6,0,8.9,-109.4,254.7,254.7,0.33,1.33,0.29,0.8,25.053,6.4,6.4,0,6.4,4,89.6,7.4,-1.264,-0.891
6/30/2015,17:44:38,0,site_051915_124203,0,5.6,0,8.9,-109.4,254.1,254.1,0.33,1.31,0.29,0.82,25.061,6.5,6.5,0,6.5,4,89.6,7.4,-1.263,-0.891
6/30/2015,17:44:40,0,site_051915_124203,0,5.6,0,8.9,-109.4,253.5,253.5,0.33,1.33,0.3,0.83,25.072,6.5,6.5,0,6.5,4,89.6,7.4,-1.262,-0.89
6/30/2015,17:44:42,0,site_051915_124203,0,5.6,0,8.9,-109.4,252.9,252.9,0.33,1.33,0.31,0.86,25.083,6.5,6.5,0,6.5,4,89.6,7.4,-1.261,-0.89
6/30/2015,17:44:44,0,site_051915_124203,0,5.6,0,8.9,-109.4,252.4,252.4,0.33,1.3,0.31,0.88,25.094,6.6,6.5,0,6.5,4,89.6,7.4,-1.261,-0.889
6/30/2015,17:44:46,0,site_051915_124203,0,5.6,0,8.9,-109.4,251.8,251.8,0.33,1.31,0.32,0.9,25.105,6.6,6.6,0,6.5,4,89.7,7.4,-1.26,-0.889
6/30/2015,17:44:48,0,site_051915_124203,0,5.6,0,8.9,-109.4,251.2,251.2,0.34,1.35,0.33,0.93,25.115,6.5,6.5,0,6.5,4,89.7,7.39,-1.26,-0.888
6/30/2015,17:44:50,0,site_051915_124203,0,5.6,0,8.9,-109.4,250.6,250.6,0.33,1.34,0.34,0.96,25.126,6.5,6.5,0,6.5,4,89.7,7.39,-1.259,-0.888
6/30/2015,17:44:52,0,site_051915_124203,0,5.6,0,8.9,-109.4,250,250,0.34,1.36,0.34,0.97,25.136,6.5,6.5,0,6.5,4,89.7,7.39,-1.258,-0.887
6/30/2015,17:44:54,0,site_051915_124203,0,5.6,0,8.9,-109.4,249.5,249.5,0.34,1.38,0.36,1,25.147,6.5,6.5,0,6.5,4,89.7,7.39,-1.258,-0.887
6/30/2015,17:44:56,0,site_051915_124203,0,5.6,0,8.9,-109.4,249,249,0.36,1.42,0.37,1.02,25.157,6.6,6.6,0,6.6,4,89.7,7.39,-1.257,-0.886
6/30/2015,17:44:58,0,site_051915_124203,0,5.6,0,8.9,-109.4,248.6,248.6,0.35,1.38,0.36,1.02,25.168,6.6,6.6,0,6.6,4,89.7,7.39,-1.256,-0.886
6/30/2015,17:45:00,0,site_051915_124203,0,5.6,0,8.9,-109.3,248.1,248.1,0.35,1.41,0.37,1.04,25.178,6.6,6.6,0,6.6,4,89.7,7.39,-1.255,-0.885
6/30/2015,17:45:02,0,site_051915_124203,0,5.6,0,8.9,-109.3,247.5,247.5,0.35,1.41,0.37,1.05,25.189,6.6,6.6,0,6.6,4,89.7,7.39,-1.254,-0.885
6/30/2015,17:45:04,0,site_051915_124203,0,5.6,0,8.9,-109.3,247,247,0.36,1.45,0.39,1.09,25.201,6.5,6.5,0,6.5,4,89.7,7.39,-1.254,-0.884
6/30/2015,17:45:06,0,site_051915_124203,0,5.6,0,8.9,-109.3,246.5,246.5,0.36,1.45,0.39,1.1,25.212,6.5,6.4,0,6.4,4,89.7,7.39,-1.253,-0.883
6/30/2015,17:45:08,0,site_051915_124203,0,5.9,11.5,8.9,-109.3,245.9,245.9,0.38,1.52,0.41,1.15,25.224,6.4,6.4,0,6.4,4,89.7,7.39,-1.252,-0.883
6/30/2015,17:45:10,0,site_051915_124203,0,5.9,11.5,8.9,-109.3,245.4,245.4,0.4,1.61,0.4,1.13,25.237,6.4,6.3,0,6.3,4,89.8,7.39,-1.251,-0.882
6/30/2015,17:45:12,0,site_051915_124203,0,5.9,11.5,8.9,-109.3,244.8,244.8,0.4,1.6,0.4,1.11,25.249,6.3,6.3,0,6.3,4,89.8,7.39,-1.25,-0.882
6/30/2015,17:45:14,0,site_051915_124203,0,5.9,11.5,8.9,-109.3,244.3,244.3,0.39,1.58,0.4,1.12,25.261,6.3,6.3,0,6.3,4,89.8,7.38,-1.249,-0.881
6/30/2015,17:45:16,0,site_051915_124203,0,5.9,11.5,8.9,-109.3,243.7,243.7,0.39,1.56,0.4,1.13,25.273,6.3,6.3,0,6.3,4,89.8,7.38,-1.249,-0.881
6/30/2015,17:45:18,0,site_051915_124203,0,5.9,11.5,8.9,-109.2,243.1,243.1,0.38,1.54,0.42,1.17,25.282,6.3,6.3,0,6.3,4,89.8,7.38,-1.248,-0.88
6/30/2015,17:45:20,0,site_051915_124203,0,5.9,11.5,8.9,-109.2,242.5,242.5,0.36,1.45,0.43,1.2,25.291,6.3,6.3,0,6.3,4,89.8,7.38,-1.247,-0.879
6/30/2015,17:45:22,0,site_051915_124203,0,5.9,11.5,8.9,-109.2,241.9,241.9,0.37,1.47,0.43,1.21,25.296,6.3,6.2,0,6.2,4,89.8,7.38,-1.246,-0.879
6/30/2015,17:45:24,0,site_051915_124203,0,5.9,11.5,8.9,-109.1,241.3,241.3,0.37,1.5,0.44,1.23,25.303,6.3,6.2,0,6.2,4,89.8,7.38,-1.245,-0.878
6/30/2015,17:45:26,0,site_051915_124203,0,5.9,11.5,8.9,-109.1,240.8,240.8,0.38,1.54,0.44,1.23,25.313,6.3,6.2,0,6.2,4,89.8,7.38,-1.244,-0.877
6/30/2015,17:45:28,0,site_051915_124203,0,5.9,11.5,8.9,-109.1,240.2,240.2,0.39,1.55,0.43,1.21,25.32,6.2,6.2,0,6.2,4,89.9,7.38,-1.243,-0.877
6/30/2015,17:45:30,0,site_051915_124203,0,5.9,11.5,8.89,-109,239.7,239.7,0.39,1.56,0.44,1.23,25.328,6.2,6.2,0,6.2,4,89.9,7.38,-1.243,-0.876
6/30/2015,17:45:32,0,site_051915_124203,0,5.9,11.5,8.89,-109,239.1,239.1,0.39,1.57,0.44,1.22,25.336,6.2,6.2,0,6.2,4,89.9,7.38,-1.242,-0.876
6/30/2015,17:45:34,0,site_051915_124203,0,5.9,11.5,8.89,-108.9,238.6,238.6,0.39,1.55,0.44,1.24,25.345,6.2,6.2,0,6.2,4,89.9,7.38,-1.241,-0.875
6/30/2015,17:45:36,0,site_051915_124203,0,5.9,11.5,8.89,-108.9,238,238,0.39,1.57,0.44,1.22,25.354,6.2,6.2,0,6.2,4,89.9,7.38,-1.241,-0.875
6/30/2015,17:45:38,0,site_051915_124203,0,5.9,11.5,8.89,-108.9,237.4,237.4,0.39,1.55,0.43,1.21,25.364,6.2,6.2,0,6.2,4,89.9,7.38,-1.24,-0.874
6/30/2015,17:45:40,0,site_051915_124203,0,5.9,11.5,8.89,-108.8,236.9,236.9,0.38,1.52,0.43,1.2,25.373,6.3,6.2,0,6.2,4,89.9,7.38,-1.239,-0.874
6/30/2015,17:45:42,0,site_051915_124203,0,5.9,11.5,8.89,-108.8,236.4,236.4,0.39,1.56,0.42,1.19,25.383,6.3,6.2,0,6.2,4,89.9,7.38,-1.238,-0.873
6/30/2015,17:45:44,0,site_051915_124203,0,5.9,11.5,8.89,-108.8,235.9,235.9,0.39,1.57,0.41,1.15,25.392,6.3,6.2,0,6.2,4,90,7.38,-1.238,-0.873
6/30/2015,17:45:46,0,site_051915_124203,0,5.9,11.5,8.89,-108.7,235.4,235.4,0.39,1.57,0.41,1.14,25.402,6.3,6.2,0,6.2,4,90,7.38,-1.237,-0.873
6/30/2015,17:45:48,0,site_051915_124203,0,5.9,11.5,8.89,-108.7,234.9,234.9,0.39,1.56,0.41,1.15,25.412,6.3,6.2,0,6.2,4,90,7.38,-1.237,-0.872
6/30/2015,17:45:50,0,site_051915_124203,0,5.9,11.5,8.89,-108.7,234.4,234.4,0.4,1.61,0.42,1.19,25.421,6.3,6.2,0,6.2,4,90,7.38,-1.236,-0.872
6/30/2015,17:45:52,0,site_051915_124203,0,5.9,11.5,8.89,-108.6,233.9,233.9,0.41,1.64,0.44,1.22,25.431,6.2,6.2,0,6.2,4,90,7.38,-1.236,-0.871
6/30/2015,17:45:54,0,site_051915_124203,0,5.9,11.5,8.89,-108.6,233.4,233.4,0.42,1.66,0.43,1.21,25.441,6.2,6.2,0,6.2,4,90,7.38,-1.235,-0.871
6/30/2015,17:45:56,0,site_051915_124203,0,5.9,11.5,8.89,-108.6,232.9,232.9,0.42,1.67,0.45,1.27,25.447,6.2,6.2,0,6.2,4,90,7.38,-1.235,-0.871
6/30/2015,17:45:58,0,site_051915_124203,0,5.9,11.5,8.89,-108.5,232.5,232.5,0.42,1.69,0.46,1.3,25.46,6.2,6.2,0,6.2,4,90.1,7.38,-1.234,-0.87
6/30/2015,17:46:00,0,site_051915_124203,0,5.9,11.5,8.89,-108.5,232,232,0.42,1.68,0.48,1.34,25.47,6.2,6.2,0,6.2,4,90.1,7.38,-1.234,-0.87
6/30/2015,17:46:02,0,site_051915_124203,0,5.9,11.5,8.88,-108.5,231.5,231.5,0.42,1.66,0.5,1.41,25.478,6.2,6.2,0,6.2,4,90.1,7.38,-1.233,-0.87
6/30/2015,17:46:04,0,site_051915_124203,0,5.9,11.5,8.88,-108.4,231.1,231.1,0.41,1.62,0.52,1.47,25.491,6.2,6.2,0,6.2,4,90.1,7.38,-1.232,-0.869
6/30/2015,17:46:06,0,site_051915_124203,0,5.9,11.5,8.88,-108.4,230.7,230.7,0.41,1.64,0.54,1.51,25.501,6.2,6.2,0,6.2,4,90.1,7.38,-1.232,-0.869
6/30/2015,17:46:08,0,site_051915_124203,0,5.9,11.5,8.88,-108.4,230.2,230.2,0.42,1.67,0.56,1.56,25.511,6.2,6.2,0,6.2,4,90.1,7.38,-1.231,-0.868
6/30/2015,17:46:10,0,site_051915_124203,0,5.9,11.5,8.88,-108.4,229.8,229.8,0.42,1.67,0.57,1.59,25.522,6.2,6.2,0,6.2,4,90.1,7.38,-1.231,-0.868
6/30/2015,17:46:12,0,site_051915_124203,0,5.9,11.5,8.88,-108.3,229.4,229.4,0.44,1.75,0.57,1.59,25.532,6.2,6.2,0,6.2,4,90.1,7.38,-1.23,-0.868
6/30/2015,17:46:14,0,site_051915_124203,0,5.9,11.5,8.88,-108.3,229,229,0.44,1.77,0.57,1.61,25.542,6.2,6.2,0,6.2,4,90.2,7.38,-1.229,-0.867
6/30/2015,17:46:16,0,site_051915_124203,0,5.9,11.5,8.88,-108.3,228.6,228.6,0.45,1.82,0.57,1.6,25.553,6.2,6.2,0,6.2,4,90.2,7.38,-1.229,-0.866
6/30/2015,17:46:18,0,site_051915_124203,0,5.9,11.5,8.88,-108.3,228.2,228.2,0.44,1.78,0.57,1.61,25.564,6.2,6.2,0,6.1,4,90.2,7.38,-1.228,-0.866
6/30/2015,17:46:20,0,site_051915_124203,0,5.9,11.5,8.88,-108.3,227.7,227.7,0.44,1.77,0.57,1.59,25.575,6.2,6.2,0,6.1,4,90.2,7.38,-1.227,-0.865
6/30/2015,17:46:22,0,site_051915_124203,0,5.9,11.5,8.88,-108.3,227.3,227.3,0.43,1.74,0.56,1.58,25.585,6.2,6.2,0,6.1,4,90.2,7.38,-1.226,-0.865
6/30/2015,17:46:24,0,site_051915_124203,0,5.9,11.5,8.88,-108.2,226.9,226.9,0.43,1.72,0.58,1.61,25.594,6.2,6.1,0,6.1,4,90.2,7.37,-1.226,-0.864
6/30/2015,17:46:26,0,site_051915_124203,0,5.9,11.5,8.88,-108.2,226.5,226.5,0.43,1.7,0.57,1.58,25.603,6.2,6.1,0,6.1,4,90.2,7.37,-1.225,-0.864
6/30/2015,17:46:28,0,site_051915_124203,0,5.9,11.5,8.88,-108.2,226.1,226.1,0.43,1.71,0.57,1.59,25.611,6.2,6.1,0,6.1,4,90.2,7.37,-1.224,-0.863
6/30/2015,17:46:30,0,site_051915_124203,0,5.9,11.5,8.88,-108.2,225.7,225.7,0.43,1.73,0.57,1.6,25.619,6.2,6.1,0,6.1,4,90.2,7.37,-1.223,-0.863
6/30/2015,17:46:32,0,site_051915_124203,0,5.9,11.5,8.88,-108.2,225.3,225.3,0.44,1.76,0.59,1.64,25.628,6.2,6.1,0,6.1,4,90.2,7.37,-1.222,-0.862
6/30/2015,17:46:34,0,site_051915_124203,0,5.9,11.5,8.88,-108.1,224.9,224.9,0.44,1.78,0.59,1.65,25.637,6.2,6.1,0,6.1,4,90.2,7.37,-1.222,-0.862
6/30/2015,17:46:36,0,site_051915_124203,0,5.9,11.5,8.88,-108.1,224.5,224.5,0.45,1.82,0.61,1.7,25.646,6.2,6.1,0,6.1,4,90.2,7.37,-1.221,-0.861
6/30/2015,17:46:38,0,site_051915_124203,0,5.9,11.5,8.88,-108.1,224.2,224.2,0.45,1.82,0.61,1.69,25.655,6.2,6.1,0,6.1,4,90.2,7.37,-1.22,-0.861
6/30/2015,17:46:40,0,site_051915_124203,0,5.9,11.5,8.88,-108,223.8,223.8,0.46,1.82,0.63,1.75,25.664,6.2,6.1,0,6.1,4,90.2,7.37,-1.22,-0.86
6/30/2015,17:46:42,0,site_051915_124203,0,5.9,11.5,8.87,-108,223.4,223.4,0.44,1.78,0.63,1.76,25.673,6.2,6.1,0,6.1,4,90.2,7.37,-1.219,-0.86
6/30/2015,17:46:44,0,site_051915_124203,0,5.9,11.5,8.87,-107.9,223.1,223.1,0.44,1.77,0.64,1.79,25.683,6.2,6.1,0,6.1,4,90.3,7.37,-1.218,-0.859
6/30/2015,17:46:46,0,site_051915_124203,0,5.9,11.5,8.87,-107.9,222.7,222.7,0.44,1.77,0.64,1.8,25.692,6.2,6.1,0,6.1,4,90.3,7.37,-1.217,-0.859
6/30/2015,17:46:48,0,site_051915_124203,0,5.9,11.5,8.87,-107.9,222.4,222.4,0.44,1.74,0.64,1.8,25.702,6.2,6.1,0,6.1,4,90.3,7.37,-1.217,-0.858
6/30/2015,17:46:50,0,site_051915_124203,0,5.9,11.5,8.87,-107.8,222,222,0.44,1.75,0.65,1.83,25.712,6.2,6.1,0,6.1,4,90.3,7.36,-1.216,-0.858
,,,,,,,,,,,,,,,,,,,,,,,,
,,,,,,,,,,,,,,,,,,,,,,,,
,,,,,,,,,,,,,,,,,,,,,,,,
,,,,,,,,,,,,,,,,,,,,,,,,
,,,,,,,,,,,,,,,,,,,,,,,,
,,,,,,,,,,,,,,,,,,,,,,,,
,,,,,,,,,,,,,,,,,,,,,,,,
,,,,,,,,,,,,,,,,,,,,,,,,
,,,,,,,,,,,,,,,,,,,,,,,,
,,,,,,,,,,,,,,,,,,,,,,,,
,,,,,,,,,,,,,,,,,,,,,,,,
,,,,,,,,,,,,,,,,,,,,,,,,
,,,,,,,,,,,,,,,,,,,,,,,,
,,,,,,,,,,,,,,,,,,,,,,,,
,,,,,,,,,,,,,,,,,,,,,,,,
,,,,,,,,,,,,,,,,,,,,,,,,
,,,,,,,,,,,,,,,,,,,,,,,,
